1             851.523
2             794.044
3             734.792
4             681.818
5             633.151
6             609.965
7             577.469
8             545.518
9              520.15
10             508.884
11             497.855
12             484.317
13             466.639
14             457.455
15             447.283
16             439.651
17             431.461
18             417.866
19             411.567
20             389.432
21              376.14
22             365.486
23              358.64
24             345.736
25             344.978
26             339.197
27             335.342
28             328.399
29             326.626
30             324.913
31             317.886
32             313.869
33             312.088
34              305.83
35             304.719
36             301.675
37             297.246
38             293.091
39             293.091
40             293.091
41             290.186
42              289.38
43             288.579
44             287.264
45             287.264
46             286.053
47             286.053
48             286.053
49             285.488
50             284.646
51             281.859
52             281.859
53             281.859
54             280.262
55             279.604
56             279.604
57             279.604
58             279.604
59             279.604
60             278.266
61             277.111
62             277.111
63             277.111
64             277.111
65             277.111
66             277.111
67             276.546
68             276.546
69             276.546
70             276.546
71             276.546
72             276.546
73             276.546
74             276.546
75             276.546
76              274.91
77              274.91
78              274.91
79              274.91
80              274.91
81             274.829
82             274.829
83             274.829
84             274.829
85             274.231
86             274.231
87             274.231
88             274.071
89             274.071
90             274.071
91             274.071
92             274.071
93             274.071
94             274.071
95             274.071
96             274.071
97             274.071
98             274.071
99             274.071
100             274.071
101             274.071
102             274.071
103             274.071
104             274.071
105             274.071
106             274.071
107             274.071
108             274.071
109             274.071
110             274.071
111             274.071
112             274.071
113             274.071
114             274.071
115             274.071
116             274.071
117             274.071
118             274.071
119             274.071
120             274.071
121             274.071
122             274.071
123             274.071
124             274.071
125             274.071
126             274.071
127             274.071
128             274.071
129             274.071
130             274.071
131             274.071
132             274.071
133             274.071
134             274.071
135             274.071
136             274.071
137             274.071
138             274.071
139             274.071
140             274.071
141             274.071
142             274.071
143             274.071
144             274.071
145             274.071
146             274.071
147             274.071
148             274.071
149             274.071
150             274.071
151             274.071
152             274.071
153             274.071
154             274.071
155             274.071
156             274.071
157             274.071
158             274.071
159             274.071
160             271.025
161             271.025
162             271.025
163             271.025
164             271.025
165             271.025
166             271.025
167             271.025
168             271.025
169             271.025
170             271.025
171             271.025
172             271.025
173             271.025
174             271.025
175             271.025
176             271.025
177             271.025
178             271.025
179             271.025
180             271.025
181             271.025
182             271.025
183             271.025
184             271.025
185             271.025
186             271.025
187             271.025
188             271.025
189             271.025
190             270.799
191             268.371
192             268.371
193             268.371
194             268.371
195             268.371
196             268.371
197             268.371
198             268.371
199             268.371
200             268.371
