1             1098.97
2              1024.4
3             946.085
4             870.481
5             802.937
6              751.45
7             707.033
8             673.143
9             645.194
10             615.495
11             589.078
12             566.558
13             550.464
14             534.656
15             520.263
16             509.908
17             503.129
18             493.755
19             482.246
20             471.402
21             464.509
22             452.993
23             438.816
24             428.025
25             416.926
26             407.618
27             400.275
28             395.448
29             391.446
30             382.894
31             376.312
32             375.293
33             369.515
34              368.59
35             362.387
36             359.407
37             354.841
38             351.531
39             350.464
40             346.792
41              342.45
42             340.949
43              338.23
44             337.249
45             335.749
46             335.515
47             333.274
48             331.579
49             331.952
50             333.599
51             332.838
52             333.658
53             331.374
54             331.621
55             328.596
56             329.679
57             329.247
58             333.144
59             332.164
60             330.288
61             329.464
62             327.872
63             329.007
64             327.451
65             326.401
66             322.142
67             322.361
68             320.632
69             321.829
70              323.04
71             323.338
72             323.266
73             324.418
74             322.355
75             323.179
76             324.016
77             325.657
78             327.913
79             327.676
80             323.039
81             322.312
82             322.312
83             323.571
84             326.197
85             325.925
86             322.288
87             326.077
88             326.949
89             326.251
90             328.893
91             328.004
92             326.145
93             322.926
94             322.299
95             321.366
96             320.415
97             320.625
98             321.428
99             322.013
100              320.06
101             320.132
102             321.173
103             322.212
104             321.166
105             321.299
106             321.752
107             319.605
108              320.04
109             321.263
110             319.843
111             320.632
112             322.205
113             320.239
114             319.262
115             320.521
116             320.946
117             320.663
118             318.525
119              320.32
120             319.064
121             321.264
122             320.625
123             317.662
124             318.645
125             317.514
126             318.502
127             318.829
128             321.097
129              321.46
130             319.964
131             319.819
132             318.772
133             318.212
134             318.836
135             318.798
136             320.694
137             320.333
138             319.074
139             320.214
140             322.886
141               322.2
142             326.964
143             329.002
144             327.222
145             322.299
146             322.649
147              322.77
148             321.918
149             321.376
150             321.661
151              321.56
152             320.819
153             320.711
154             321.374
155             318.284
156             320.486
157             320.023
158             319.153
159             320.481
160             322.587
161             321.106
162             320.482
163             318.294
164             318.923
165             318.894
166             317.343
167             317.381
168             318.433
169             318.733
170             318.069
171             316.586
172             318.805
173             320.615
174             318.338
175             316.449
176             316.671
177             317.054
178             317.149
179             318.532
180             318.806
181             318.579
182             318.313
183             316.326
184             315.721
185             316.871
186             316.234
187             319.064
188             316.001
189             317.102
190             317.247
191             318.436
192             319.995
193              318.67
194             317.913
195             315.928
196             316.886
197             315.941
198             316.225
199             314.588
200             313.861
