1              1105.8
2             1028.46
3             945.704
4             878.774
5             828.382
6              782.26
7             740.345
8             703.453
9             673.177
10             645.455
11             617.932
12             596.749
13             579.069
14             566.122
15             554.054
16             541.467
17             527.396
18             509.811
19             494.443
20             478.649
21              466.96
22             458.963
23             451.153
24             441.177
25             435.696
26              429.85
27             422.451
28              414.13
29             407.236
30             401.223
31             393.003
32             388.032
33             379.733
34              373.18
35             366.366
36             360.969
37             362.774
38              360.68
39             358.127
40             352.482
41             347.978
42             345.507
43             342.051
44              339.17
45             341.741
46             340.504
47             341.287
48             340.271
49              340.49
50             337.016
51             333.663
52             332.886
53             330.587
54             331.862
55             336.515
56             339.622
57             337.309
58             332.573
59             333.809
60             331.863
61             330.136
62             329.465
63             330.546
64             330.086
65              329.31
66             330.439
67             333.209
68             332.445
69             334.032
70             328.119
71             325.207
72             324.444
73              322.88
74             322.909
75             323.854
76             321.924
77             321.537
78             327.081
79             329.794
80             327.307
81              325.98
82             324.465
83             321.521
84             321.984
85             323.038
86             321.874
87             321.148
88             318.598
89             317.439
90             319.484
91             318.877
92             319.047
93             320.637
94             319.929
95             321.319
96             321.454
97             320.223
98             321.614
99              319.27
100             319.347
101              320.86
102              320.45
103             322.365
104             323.083
105             320.886
106             320.427
107             320.262
108             322.124
109             324.878
110             321.422
111              320.65
112             325.637
113               327.8
114             326.509
115               324.5
116               322.1
117             322.639
118             322.381
119             322.089
120             320.799
121             320.021
122             324.366
123             325.978
124             327.279
125             325.931
126             323.695
127             323.443
128              319.95
129             319.521
130             321.017
131              320.46
132               320.2
133             322.384
134             319.771
135             318.918
136             318.669
137             320.292
138             321.618
139             323.143
140             319.603
141             321.516
142             321.715
143             322.569
144             320.928
145             321.019
146             319.803
147             319.683
148             321.849
149             320.402
150             320.845
151             320.819
152             319.503
153             319.538
154              318.46
155             319.535
156             319.453
157             322.148
158             323.452
159             321.039
160             320.483
161             320.435
162             320.144
163             319.942
164              320.52
165             319.839
166             320.056
167             321.113
168             321.795
169             320.479
170             320.096
171             320.433
172             318.742
173             318.086
174             318.274
175              316.95
176             318.205
177             318.998
178             318.197
179             317.247
180             317.162
181             318.586
182             317.415
183               320.3
184             318.967
185             317.725
186             317.269
187             316.224
188             317.473
189             318.454
190             316.892
191              316.83
192             316.986
193             317.739
194              318.81
195             319.755
196             319.545
197             318.062
198              319.45
199             317.199
200             320.033
