1             1113.07
2             1033.41
3             951.945
4             888.442
5             839.925
6             800.432
7             763.914
8             728.939
9             700.427
10             674.334
11             647.787
12             613.902
13             582.987
14             563.235
15             551.184
16             536.204
17             523.801
18             509.119
19             497.557
20             484.823
21             470.169
22             455.104
23             445.218
24             434.835
25             429.996
26             419.595
27              412.86
28             402.328
29             392.981
30             386.222
31             382.643
32             376.616
33             373.053
34             369.513
35             366.251
36             362.179
37             358.832
38              359.45
39             356.769
40             351.799
41             352.155
42             348.742
43             347.191
44               346.3
45             343.153
46             339.001
47             337.768
48             336.939
49             332.753
50             335.356
51             334.208
52              336.03
53             333.159
54             333.407
55             333.231
56              330.62
57             329.581
58             328.912
59              328.34
60             328.822
61             330.157
62             329.999
63              328.82
64             327.863
65             327.772
66             326.685
67             325.753
68             326.923
69             325.411
70             327.017
71             329.162
72             327.941
73             329.183
74             326.886
75             325.243
76             326.455
77             329.377
78              329.36
79             330.144
80             327.722
81             326.266
82             328.157
83             331.239
84             329.117
85             326.132
86             323.953
87             322.406
88              323.53
89             324.058
90             322.116
91             320.808
92             321.549
93             323.712
94             323.402
95             322.963
96             321.499
97             322.309
98              319.74
99             321.601
100             323.219
101             322.926
102             322.919
103             321.505
104             321.632
105               321.9
106             323.539
107             322.395
108             320.799
109             320.661
110             320.483
111             321.531
112             320.079
113             319.196
114             321.148
115             320.445
116              321.83
117             326.788
118             325.774
119             322.456
120             322.185
121             323.128
122              321.69
123             321.305
124             321.106
125              320.15
126             320.772
127             320.429
128             322.973
129             323.036
130             319.872
131             323.504
132             322.248
133             321.346
134             321.064
135             321.059
136             320.998
137             319.276
138             319.976
139             322.433
140              320.73
141             319.201
142             321.509
143             321.452
144             323.276
145             320.952
146             322.369
147             321.626
148              321.38
149             321.549
150             322.476
151             320.741
152             319.401
153             319.868
154             319.921
155             321.151
156             321.104
157             321.123
158             322.166
159             318.907
160              319.33
161             320.971
162             321.242
163             320.712
164             322.169
165             322.324
166             322.916
167             320.513
168             321.547
169             319.919
170              319.88
171             319.559
172             320.609
173             319.632
174             320.343
175             319.408
176             316.566
177             316.205
178             318.647
179             318.508
180             320.519
181             320.538
182             318.023
183             318.017
184              317.08
185             318.401
186             317.499
187              319.23
188              319.27
189             318.731
190             320.158
191              320.57
192             318.158
193             318.294
194             318.617
195             317.938
196              318.54
197             319.104
198             317.566
199              317.01
200              317.27
