1             828.466
2             783.818
3              741.16
4             708.227
5             667.057
6             624.144
7             605.822
8             588.727
9             548.539
10             535.571
11             522.097
12             505.958
13              501.38
14             485.573
15             467.508
16             443.453
17             439.146
18             423.769
19             414.179
20             408.662
21             401.354
22             391.693
23             384.385
24             378.905
25             367.511
26             358.201
27             351.281
28             345.863
29             343.462
30             331.462
31             323.643
32             322.166
33             317.056
34             312.135
35             303.802
36             303.802
37             302.237
38             296.329
39             294.764
40             290.568
41             290.568
42             290.101
43             289.773
44              288.99
45             288.662
46             286.085
47             286.085
48             286.085
49             284.874
50             284.874
51             284.874
52             284.684
53              283.87
54              283.87
55              283.87
56              283.87
57              283.87
58              283.87
59             283.249
60             283.249
61             283.249
62             283.249
63             283.249
64             283.249
65             276.546
66             275.789
67             275.789
68             275.789
69             275.789
70             275.789
71             275.789
72             275.789
73             275.789
74             275.789
75             275.789
76             275.789
77             275.789
78             275.789
79             275.789
80             275.789
81             275.755
82             275.755
83             274.231
84             274.231
85             274.231
86             274.231
87             274.231
88             274.231
89             274.231
90             274.231
91             274.231
92             274.231
93             274.231
94             274.231
95             274.231
96             274.231
97             274.231
98             274.231
99             274.231
100             274.231
101             274.231
102             274.231
103             274.231
104             274.231
105             274.231
106             274.231
107             274.231
108             274.231
109             274.231
110             274.071
111             274.071
112             274.071
113             274.071
114             274.071
115             274.071
116             274.071
117             274.071
118             274.071
119             274.071
120             274.071
121             274.071
122             274.071
123             274.071
124             274.071
125             274.071
126             274.071
127             274.071
128             274.071
129             274.071
130             274.071
131             274.071
132             274.071
133             274.071
134             274.071
135             274.071
136             274.071
137             274.071
138             274.071
139             274.071
140             274.071
141             274.071
142             274.071
143             274.071
144             274.071
145             274.071
146             274.071
147             274.071
148             274.071
149             274.071
150             274.071
151             274.071
152             274.071
153             274.071
154             274.071
155             274.071
156             274.071
157             274.071
158             274.071
159             274.071
160             274.071
161             274.071
162             274.071
163             274.071
164             274.071
165             271.025
166             271.025
167             271.025
168             271.025
169             271.025
170             271.025
171             271.025
172             271.025
173             271.025
174             271.025
175             271.025
176             271.025
177             271.025
178             271.025
179             271.025
180             271.025
181             271.025
182             271.025
183             271.025
184             271.025
185             271.025
186             271.025
187             271.025
188             271.025
189             271.025
190             271.025
191             271.025
192             271.025
193             271.025
194             271.025
195             271.025
196             271.025
197             271.025
198             271.025
199             271.025
200             268.371
