1             844.292
2             821.079
3              779.39
4             746.886
5             664.097
6             650.913
7             643.833
8              596.35
9             585.736
10             531.435
11             515.347
12             501.434
13              486.79
14             476.483
15             461.763
16             446.554
17             436.687
18             430.303
19             411.943
20             396.158
21             383.924
22             378.875
23             372.744
24             367.119
25             339.369
26             337.205
27             332.426
28             329.459
29             324.106
30              321.14
31              321.14
32             319.483
33             316.163
34             312.992
35             306.083
36             304.096
37             304.096
38              299.43
39             298.567
40             294.695
41             293.259
42             292.396
43             287.674
44             286.464
45             286.464
46             284.858
47             284.858
48             284.858
49             284.646
50             284.646
51             283.103
52             282.094
53             282.094
54             282.094
55             282.094
56             282.094
57             282.094
58             281.188
59             281.188
60             281.188
61             281.188
62             281.188
63             279.307
64             279.307
65             278.871
66             278.871
67             278.871
68             278.871
69             278.871
70             277.111
71             276.546
72             276.546
73             276.546
74             276.546
75             276.512
76             276.512
77             276.512
78             276.512
79             276.512
80             275.554
81             275.554
82             275.554
83             275.554
84             275.554
85             275.554
86             274.989
87             274.989
88             274.989
89             274.989
90             274.989
91             274.989
92             274.989
93             274.989
94             274.989
95             274.231
96             274.231
97             274.231
98             274.231
99             274.231
100             274.231
101             274.231
102             274.231
103             274.231
104             274.231
105             274.231
106             274.231
107             274.231
108             274.231
109             274.231
110             274.231
111             274.231
112             274.231
113             274.231
114             274.231
115             274.071
116             274.071
117             274.071
118             274.071
119             274.071
120             274.071
121             274.071
122             274.071
123             274.071
124             274.071
125             274.071
126             274.071
127             274.071
128             274.071
129             274.071
130             274.071
131             274.071
132             274.071
133             274.071
134             274.071
135             274.071
136             274.071
137             274.071
138             274.071
139             274.071
140             274.071
141             274.071
142             274.071
143             274.071
144             274.071
145             274.071
146             274.071
147             274.071
148             274.071
149             274.071
150             274.071
151             274.071
152             274.071
153             274.071
154             274.071
155             274.071
156             274.071
157             274.071
158             274.071
159             274.071
160             274.071
161             274.071
162             274.071
163             274.071
164             274.071
165             274.071
166             274.071
167             274.071
168             274.071
169             274.071
170             271.025
171             271.025
172             271.025
173             271.025
174             271.025
175             271.025
176             271.025
177             271.025
178             271.025
179             271.025
180             271.025
181             271.025
182             271.025
183             271.025
184             271.025
185             271.025
186             271.025
187             271.025
188             271.025
189             271.025
190             271.025
191             271.025
192             271.025
193             271.025
194             271.025
195             271.025
196             271.025
197             271.025
198             271.025
199             271.025
200             271.025
