1             827.984
2             773.053
3             723.571
4             696.472
5             653.194
6             626.352
7             608.379
8             582.997
9             553.287
10             546.125
11             527.534
12             496.432
13             481.572
14             469.771
15             446.718
16             436.112
17             423.034
18             414.013
19              399.41
20             396.731
21             389.294
22             378.686
23              372.89
24             370.872
25             363.856
26             362.274
27             356.353
28             349.183
29             347.913
30             323.566
31             320.954
32             316.799
33             314.429
34             311.468
35             310.655
36              302.89
37              299.02
38              299.02
39             296.989
40             295.238
41             293.631
42             293.631
43             289.306
44             289.306
45             286.464
46             284.427
47             284.427
48             284.427
49             283.791
50             283.579
51             280.759
52             280.759
53             280.631
54             280.143
55             280.143
56             280.143
57             280.143
58             278.266
59             278.266
60             278.266
61             278.266
62              277.96
63             277.111
64             277.111
65             277.111
66             277.111
67             277.111
68             277.111
69             277.111
70             277.111
71             277.111
72             277.078
73             277.078
74             277.078
75             277.078
76             275.554
77             275.554
78             275.554
79             275.554
80             275.554
81             275.554
82             275.554
83             275.554
84             275.554
85             275.554
86             275.554
87             275.554
88             275.554
89             275.554
90             274.989
91             274.989
92             274.989
93             274.989
94             274.989
95             274.989
96             274.908
97             274.908
98             274.908
99             274.908
100             274.231
101             274.231
102             274.231
103             274.231
104             274.231
105             274.071
106             274.071
107             274.071
108             274.071
109             274.071
110             274.071
111             274.071
112             274.071
113             274.071
114             274.071
115             274.071
116             274.071
117             274.071
118             274.071
119             274.071
120             274.071
121             274.071
122             274.071
123             274.071
124             274.071
125             274.071
126             274.071
127             274.071
128             274.071
129             274.071
130             274.071
131             274.071
132             274.071
133             274.071
134             274.071
135             274.071
136             274.071
137             274.071
138             274.071
139             274.071
140             274.071
141             274.071
142             273.859
143             273.859
144             273.859
145             273.859
146             273.859
147             273.859
148             273.859
149             273.859
150             272.498
151             272.498
152             271.025
153             271.025
154             271.025
155             271.025
156             271.025
157             271.025
158             271.025
159             271.025
160             271.025
161             271.025
162             271.025
163             271.025
164             271.025
165             271.025
166             271.025
167             271.025
168             271.025
169             271.025
170             271.025
171             271.025
172             271.025
173             271.025
174             271.025
175             271.025
176             271.025
177             271.025
178             271.025
179             271.025
180             271.025
181             271.025
182             271.025
183             271.025
184             271.025
185             271.025
186             271.025
187             271.025
188             271.025
189             271.025
190             271.025
191             271.025
192             271.025
193             271.025
194             271.025
195             268.371
196             268.371
197             268.371
198             268.371
199             268.371
200             268.371
