1             1112.34
2             1032.09
3             946.887
4             867.952
5             805.467
6             757.332
7             723.455
8             692.562
9             669.956
10             646.738
11             624.669
12              606.99
13              588.57
14             570.879
15             548.499
16             530.256
17             516.901
18             502.167
19             490.885
20              477.89
21              467.67
22              457.81
23             446.796
24             437.214
25             428.927
26             424.827
27             418.016
28             412.769
29             410.453
30             404.084
31             398.421
32             389.913
33             380.016
34             370.177
35             363.249
36             361.442
37             359.386
38             356.638
39             354.286
40             350.859
41             351.443
42             346.876
43             345.512
44              342.38
45             339.581
46             340.281
47             340.754
48             340.478
49             336.409
50             335.793
51             336.081
52             338.131
53             336.422
54             336.413
55             333.146
56             332.255
57             328.031
58             324.666
59             325.404
60             326.464
61             325.058
62             323.908
63             325.593
64             324.333
65             323.026
66             325.632
67             325.321
68             327.774
69             328.726
70             326.486
71             325.229
72             324.067
73             322.785
74             323.079
75              322.79
76             321.534
77             321.743
78             320.561
79             319.576
80              320.16
81             320.691
82             319.872
83             319.371
84             321.697
85             321.645
86             322.506
87             321.288
88             318.898
89             322.668
90             321.108
91             321.188
92             323.488
93              319.65
94             320.381
95             320.768
96             320.627
97             321.475
98             322.267
99             322.815
100             322.883
101              323.05
102             323.569
103             324.718
104             323.505
105             320.858
106             322.169
107             323.862
108             324.514
109             322.482
110             324.422
111             322.391
112             320.684
113             322.426
114             322.246
115             320.714
116             321.807
117             319.539
118             319.044
119             318.261
120             319.239
121             320.723
122               322.8
123             322.392
124             321.417
125             321.464
126             323.864
127             320.678
128              322.88
129             323.032
130             322.757
131             321.874
132             321.799
133             321.037
134             318.645
135             322.377
136             318.999
137             318.812
138             320.267
139             322.414
140             321.304
141             321.658
142             322.777
143             323.797
144             321.638
145             323.413
146             322.784
147             324.055
148             321.469
149             319.867
150             318.843
151             319.717
152             321.522
153             321.749
154             320.671
155             322.423
156             324.597
157             320.864
158             319.578
159             317.916
160             318.857
161             319.095
162             319.655
163              319.76
164             317.463
165             317.693
166             317.255
167             318.657
168             317.242
169             317.084
170             319.036
171             318.741
172             318.778
173              319.49
174             319.851
175              319.66
176             318.986
177             318.377
178              317.36
179             318.202
180             320.335
181             320.057
182             319.798
183             318.942
184             317.714
185             319.712
186             318.855
187             317.212
188             317.533
189             314.922
190             316.083
191              320.05
192             318.402
193             320.812
194              320.85
195             319.186
196             319.793
197             318.635
198             319.808
199             318.068
200             315.273
