0           -0.442265                   0
                   1           -0.447109          0.00484389
                   2           -0.447732           0.0028651
                   3           -0.447254          0.00208156
                   4           -0.441654          0.00582713
                   5           -0.432541           0.0102804
                   6           -0.427924          0.00983932
                   7           -0.431462          0.00922648
                   8           -0.425537           0.0100652
                   9           -0.426535          0.00905765
                  10           -0.426237          0.00819838
                  11           -0.426275          0.00748416
                  12           -0.428928          0.00737775
                  13           -0.429001          0.00683086
                  14           -0.429649          0.00639219
                  15           -0.431565          0.00627874
                  16           -0.434251          0.00648064
                  17            -0.43391          0.00611949
                  18           -0.431029          0.00646616
                  19           -0.430884          0.00613604
                  20            -0.43105          0.00583887
                  21           -0.430969          0.00556773
                  22           -0.432353           0.0054973
                  23           -0.432853          0.00528691
                  24           -0.434884          0.00546274
                  25           -0.435941          0.00535381
                  26           -0.435181          0.00520748
                  27           -0.435323          0.00502005
                  28           -0.436878          0.00508736
                  29           -0.436559          0.00492522
                  30           -0.436736          0.00476701
                  31           -0.437385          0.00466104
                  32           -0.438406          0.00463154
                  33           -0.439148          0.00455401
                  34           -0.440184          0.00454178
                  35           -0.440178          0.00441382
                  36           -0.441342          0.00444776
                  37           -0.441563           0.0043348
                  38           -0.440823          0.00428655
                  39           -0.441304          0.00420561
                  40           -0.440801          0.00413252
                  41           -0.441694          0.00413071
                  42           -0.442235          0.00406954
                  43           -0.442602          0.00399284
                  44           -0.443072          0.00393136
                  45           -0.443607          0.00388202
                  46           -0.444519          0.00390635
                  47           -0.443819           0.0038875
                  48           -0.443857          0.00380752
                  49           -0.444259           0.0037522
                  50           -0.443961          0.00368994
                  51           -0.444436          0.00364934
                  52           -0.444583          0.00358284
                  53           -0.443387           0.0037138
                  54           -0.442971          0.00366923
                  55           -0.442913          0.00360359
                  56           -0.443145           0.0035474
                  57           -0.443516          0.00350541
                  58           -0.443206           0.0034594
                  59           -0.443431          0.00340873
                  60           -0.442694           0.0034325
                  61            -0.44166          0.00353152
                  62           -0.442152          0.00350973
                  63           -0.442277          0.00345671
                  64           -0.442544          0.00341352
                  65           -0.442756          0.00336809
                  66           -0.443099          0.00333511
                  67           -0.442957          0.00328876
                  68           -0.442935          0.00324082
                  69           -0.442911          0.00319428
                  70           -0.442975          0.00314961
                  71           -0.442886          0.00310682
                  72           -0.442823          0.00306462
                  73           -0.443126          0.00303802
                  74           -0.442473           0.0030675
                  75           -0.442458           0.0030269
                  76           -0.442114          0.00300706
                  77           -0.442652          0.00301648
                  78           -0.440214          0.00384857
                  79           -0.440151          0.00380067
                  80           -0.440135          0.00375349
                  81           -0.440239          0.00370892
                  82           -0.440102          0.00366654
                  83           -0.439905          0.00362796
                  84           -0.440315          0.00360834
                  85            -0.44054          0.00357323
                  86            -0.44057          0.00353205
                  87           -0.440809          0.00349984
                  88            -0.44095          0.00346317
                  89           -0.441041          0.00342567
                  90           -0.440993          0.00338815
                  91           -0.440548          0.00338054
                  92           -0.440861           0.0033586
                  93           -0.440855          0.00332269
                  94           -0.441212          0.00330679
                  95           -0.441724          0.00331199
                  96           -0.441743          0.00327772
                  97            -0.44168          0.00324472
                  98            -0.44156          0.00321403
                  99           -0.441789          0.00318994
