1             15.4256
2             15.0682
3             14.4421
4              14.286
5             13.5262
6             13.2884
7             13.0472
8             11.9416
9             11.9416
10             11.4848
11             11.4848
12             11.1711
13             10.8059
14             10.6795
15             10.5391
16             10.1075
17               9.887
18               9.887
19             9.37527
20             9.37527
21             9.37527
22             9.36035
23              8.7778
24              8.7778
25             8.74816
26             8.74816
27             8.43768
28             8.41526
29             8.41526
30             8.41526
31             8.41526
32             8.12803
33             8.12803
34             8.12803
35             7.82995
36             7.82995
37             7.81172
38             7.81172
39             7.81172
40             7.62371
41             7.62371
42             7.62371
43             7.61188
44             7.44056
45             7.32799
46             7.32799
47             7.30707
48             7.03787
49             7.03787
50             7.03787
51             7.03787
52             7.03131
53             7.03131
54             7.03131
55             6.96135
56             6.96135
57             6.74411
58             6.74411
59             6.67416
60             6.61942
61             6.50927
62             6.34029
63             6.34029
64             6.34029
65             6.34029
66             6.29273
67             6.13103
68             6.13103
69             6.13103
70              6.1129
71              6.1129
72             6.01316
73             5.99504
74             5.99103
75              5.7438
76              5.7438
77             5.72703
78             5.56922
79             5.56922
80             5.56922
81             5.37321
82             5.37321
83             5.37321
84             5.37321
85             5.37321
86             5.37321
87             5.35124
88             5.34258
89             5.34258
90             5.34258
91             5.34258
92             5.34258
93             5.34258
94             5.34258
95             5.34258
96             5.34258
97             5.31103
98             5.27542
99             5.27542
100             5.27542
101             5.27542
102             5.27542
103             5.27542
104             5.27542
105             5.27542
106             5.27542
107             5.27542
108              5.2353
109              5.2353
110              5.2353
111              5.2353
112             5.20446
113             5.20446
114             5.19463
115             5.19463
116             5.19463
117             5.09417
118             5.08858
119             5.08858
120             5.08858
121             5.08858
122             5.08858
123             5.08858
124             5.08858
125             5.08858
126             5.08858
127             5.08858
128             5.08858
129             5.08858
130             5.08858
131             5.08858
132             5.08858
133             5.08858
134             5.08858
135             5.08858
136             5.08858
137             5.08858
138             5.08858
139             5.08858
140             5.08858
141             5.08858
142             5.08858
143             5.08858
144             5.08858
145             5.08858
146             5.08858
147             5.08858
148             5.08858
149             5.08858
150             5.08858
151             5.08858
152             5.08858
153             5.08858
154             5.08858
155             5.08858
156             5.08858
157             5.08858
158             5.08858
159             5.08858
160             5.08858
161             5.08858
162             5.08858
163             5.08858
164             5.08858
165             5.08858
166             5.08858
167             5.08858
168             5.08858
169             5.08858
170             5.08858
171             5.08858
172             5.08858
173             5.08858
174             5.08858
175             5.08858
176             5.08858
177             5.08858
178             5.08858
179             5.08858
180             5.08858
181             5.08858
182             5.08858
183             5.08858
184             5.08858
185             5.08858
186             5.08858
187             5.08858
188             5.08858
189             5.08858
190             5.08858
191             5.08858
192             5.08858
193             5.08858
194             5.08858
195             5.08858
196             5.08858
197             5.08858
198             5.08858
199             5.08858
200             5.08858
201             5.08858
202             5.08858
203             5.08858
204             5.08858
205             5.08858
206             5.08858
207             5.08858
208             5.08858
209             5.08858
210             5.08858
211             5.08858
212             5.08858
213             5.08858
214             5.08858
215             5.08858
216             5.08858
217             5.08858
218             5.08858
219             5.08858
220             5.08858
221             5.08858
222             5.08858
223             5.08858
224             5.08858
225             5.08858
226             5.08858
227             5.08858
228             5.08858
229             5.08858
230             5.08858
231             5.08858
232             5.08858
233             5.08858
234             5.08858
235             5.08858
236             5.08858
237             5.08858
238             5.08858
239             5.08858
240             5.08858
241             5.08858
242             5.08858
243             5.08858
244             5.08858
245             5.08858
246             5.08858
247             5.08858
248             5.08858
249             5.08858
250             5.08858
251             5.08858
252             5.08858
253             5.08858
254             5.08858
255             5.08858
256             5.08858
257             5.08858
258             5.08858
259             5.08858
260             5.08858
261             5.08858
262             5.08858
263             5.08858
264             5.08858
265             5.08858
266             5.08858
267             5.08858
268             5.08858
269             5.08858
270             5.08858
271             5.08858
272             5.08858
273             5.08858
274             5.08858
275             5.08858
276             5.08858
277             5.08858
278             5.08858
279             5.08858
280             5.08858
281             5.08858
282             5.08858
283             5.08858
284             5.08858
285             5.08858
286             5.08858
287             5.08858
288             5.08858
289             5.08858
290             5.08858
291             5.08858
292             5.08858
293             5.08858
294             5.08858
295             5.08858
296             5.08858
297             5.08858
298             5.08858
299             5.08858
300             5.08858
