1             18.7602
2             18.1805
3             17.4332
4              16.771
5             16.3166
6             15.9126
7             15.5728
8             15.1888
9             14.7918
10             14.4071
11             13.9017
12             13.5463
13             13.3192
14             13.1878
15             12.8727
16             12.6524
17             12.5505
18              12.393
19             12.0474
20              11.745
21             11.5682
22             11.3508
23             11.1113
24             10.9713
25             10.7944
26             10.8216
27             10.6255
28             10.5872
29             10.4477
30              10.451
31             10.3059
32             10.1607
33             10.0324
34              10.038
35             9.94319
36              9.8334
37             9.75197
38             9.65411
39              9.5176
40             9.57349
41             9.61941
42             9.66775
43             9.58502
44             9.33736
45             9.20883
46             9.12948
47             8.99015
48             8.84931
49             8.79792
50             8.86489
51              9.0666
52             8.98043
53             8.86495
54             8.89325
55             8.94343
56             8.73563
57             8.72398
58             8.62164
59             8.68152
60             8.81858
61             8.77364
62             8.81163
63             8.51175
64             8.41484
65             8.37803
66             8.31744
67             8.03693
68             7.99455
69             8.01632
70             7.95962
71             7.84197
72             7.70391
73             7.74135
74             7.75528
75             7.72997
76               7.649
77             7.51255
78             7.59785
79             7.79271
80             7.94855
81             7.81466
82             7.68716
83             7.59019
84             7.32121
85             7.30652
86             7.18148
87              7.2184
88             7.12349
89             7.18585
90              7.1928
91             7.15245
92             7.34974
93             7.41206
94             7.36833
95             7.37483
96             7.37251
97             7.33203
98             7.23461
99             7.32757
100             7.10119
101             7.07425
102             6.99637
103             7.02901
104             7.06898
105             7.06694
106              7.0889
107             7.13325
108             7.13968
109             7.02986
110              7.1268
111             7.07428
112             7.10972
113             7.09227
114             7.30711
115             7.18296
116             7.19682
117             7.09604
118             7.00849
119             7.07689
120             7.13861
121             6.86355
122             6.96441
123             6.94023
124             6.94801
125             6.93597
126             6.69518
127             6.73559
128             6.91229
129             7.12086
130             7.14959
131             7.06058
132             7.03714
133             7.12136
134             6.93023
135             6.89308
136             6.99597
137             7.02298
138             6.89127
139             6.83094
140             6.82399
141              6.8277
142             6.93243
143             6.94077
144             6.83977
145             6.79704
146             6.84185
147             6.85634
148             7.03973
149             7.00817
150             6.93577
151             6.83527
152             6.68755
153             6.73811
154             6.76522
155             6.83791
156             6.75365
157             6.79018
158             6.71961
159             6.74842
160             6.77911
161             6.69823
162             6.95349
163             6.99708
164             6.84375
165             6.93262
166             6.81579
167             6.77683
168             6.78049
169             6.69998
170             6.76796
171             6.77044
172             6.76811
173             6.77125
174             6.75928
175             6.98275
176             7.03669
177              6.8636
178             6.72849
179              6.6425
180              6.6866
181             6.72478
182             6.77966
183              6.8328
184             6.85696
185             6.89363
186             6.96833
187             7.07117
188             7.19533
189             7.08905
190             6.86427
191             6.91986
192             6.78095
193             6.59373
194             6.83235
195             6.90006
196             6.69024
197             6.80502
198             6.69106
199             6.73865
200             6.67127
201             6.72913
202             6.84192
203             6.76886
204              7.0956
205             7.07962
206             6.98976
207             6.99951
208             6.87004
209             6.81572
210             6.86152
211             6.80125
212             6.95038
213             6.82873
214             7.02019
215             7.00709
216             6.90357
217             6.97147
218             6.88055
219             6.81824
220             6.82319
221             6.63198
222             6.76433
223             6.84257
224             6.73375
225              6.9675
226             6.95775
227             6.89262
228             6.91883
229             6.88293
230              6.9205
231             6.79772
232             6.87807
233             6.80699
234             6.75635
235             7.00056
236             6.97708
237             6.96082
238             6.92134
239             6.82121
240             6.93844
241             6.88767
242             6.86916
243             6.64868
244             6.74972
245             6.68158
246             6.81922
247             6.64156
248             6.67419
249             6.68465
250             6.68533
251             6.72368
252             6.61137
253             6.66149
254             6.79787
255              6.7285
256             6.73339
257             6.84423
258             6.86026
259             6.97473
260             7.04841
261             7.07739
262             7.00454
263             6.68504
264             6.54409
265              6.7074
266              6.7755
267              6.6048
268             6.75888
269             6.70008
270             6.72829
271             6.61509
272             6.97544
273             6.96735
274             6.92071
275             6.82188
276             6.85174
277             6.68036
278             6.67315
279             6.69024
280             6.72881
281             6.49847
282             6.68582
283             6.82147
284              6.9534
285             6.81568
286             6.83567
287             6.87469
288             7.03796
289             7.03624
290             6.83054
291             6.84264
292             6.94369
293             6.83652
294             6.61523
295             6.62266
296             6.69864
297             6.76869
298             6.83068
299               6.749
300             6.77029
