    -6.040000000e-01     2.000000000e-01
    -5.984000000e-01    -8.000000000e-02
    -6.728000000e-01    -3.600000000e-01
    -5.936000000e-01    -3.200000000e-01
    -5.160000000e-01    -2.000000000e-01
    -5.112000000e-01    -4.400000000e-01
    -5.160000000e-01    -2.000000000e-01
    -5.976000000e-01    -1.200000000e-01
    -5.168000000e-01    -1.600000000e-01
    -7.536000000e-01    -3.200000000e-01
    -7.560000000e-01    -2.000000000e-01
    -6.824000000e-01     1.200000000e-01
    -6.784000000e-01    -8.000000000e-02
    -5.944000000e-01    -2.800000000e-01
    -6.760000000e-01    -2.000000000e-01
    -7.576000000e-01    -1.200000000e-01
    -7.568000000e-01    -1.600000000e-01
    -7.584000000e-01    -8.000000000e-02
    -7.544000000e-01    -2.800000000e-01
    -7.568000000e-01    -1.600000000e-01
    -7.584000000e-01    -8.000000000e-02
    -7.584000000e-01    -8.000000000e-02
    -8.376000000e-01    -1.200000000e-01
    -8.376000000e-01    -1.200000000e-01
    -7.576000000e-01    -1.200000000e-01
    -7.592000000e-01    -4.000000000e-02
    -8.392000000e-01    -4.000000000e-02
    -8.408000000e-01     4.000000000e-02
    -7.664000000e-01     3.200000000e-01
    -7.648000000e-01     2.400000000e-01
    -8.448000000e-01     2.400000000e-01
    -8.448000000e-01     2.400000000e-01
    -8.440000000e-01     2.000000000e-01
    -8.392000000e-01    -4.000000000e-02
    -7.584000000e-01    -8.000000000e-02
    -8.424000000e-01     1.200000000e-01
    -6.816000000e-01     8.000000000e-02
    -6.848000000e-01     2.400000000e-01
    -7.656000000e-01     2.800000000e-01
    -7.632000000e-01     1.600000000e-01
    -7.640000000e-01     2.000000000e-01
    -7.640000000e-01     2.000000000e-01
    -7.648000000e-01     2.400000000e-01
    -6.840000000e-01     2.000000000e-01
    -8.480000000e-01     4.000000000e-01
    -8.472000000e-01     3.600000000e-01
    -8.464000000e-01     3.200000000e-01
    -7.664000000e-01     3.200000000e-01
    -8.464000000e-01     3.200000000e-01
    -7.640000000e-01     2.000000000e-01
    -6.792000000e-01    -4.000000000e-02
    -8.424000000e-01     1.200000000e-01
    -8.440000000e-01     2.000000000e-01
    -7.616000000e-01     8.000000000e-02
    -6.784000000e-01    -8.000000000e-02
    -7.568000000e-01    -1.600000000e-01
    -6.720000000e-01    -4.000000000e-01
    -6.000000000e-01     0.000000000e+00
    -6.840000000e-01     2.000000000e-01
    -6.840000000e-01     2.000000000e-01
    -6.000000000e-01     0.000000000e+00
    -6.776000000e-01    -1.200000000e-01
    -6.008000000e-01     4.000000000e-02
    -8.448000000e-01     2.400000000e-01
    -7.688000000e-01     4.400000000e-01
    -8.464000000e-01     3.200000000e-01
    -7.640000000e-01     2.000000000e-01
    -8.472000000e-01     3.600000000e-01
    -8.472000000e-01     3.600000000e-01
    -8.464000000e-01     3.200000000e-01
    -8.416000000e-01     8.000000000e-02
    -7.592000000e-01    -4.000000000e-02
    -6.760000000e-01    -2.000000000e-01
    -7.584000000e-01    -8.000000000e-02
    -7.568000000e-01    -1.600000000e-01
    -5.984000000e-01    -8.000000000e-02
    -7.608000000e-01     4.000000000e-02
    -8.416000000e-01     8.000000000e-02
    -7.576000000e-01    -1.200000000e-01
    -7.520000000e-01    -4.000000000e-01
    -7.480000000e-01    -6.000000000e-01
    -7.504000000e-01    -4.800000000e-01
    -6.696000000e-01    -5.200000000e-01
    -7.504000000e-01    -4.800000000e-01
    -8.280000000e-01    -6.000000000e-01
    -8.272000000e-01    -6.400000000e-01
    -9.104000000e-01    -4.800000000e-01
    -9.104000000e-01    -4.800000000e-01
    -8.288000000e-01    -5.600000000e-01
    -9.096000000e-01    -5.200000000e-01
    -9.136000000e-01    -3.200000000e-01
    -9.160000000e-01    -2.000000000e-01
    -9.176000000e-01    -1.200000000e-01
    -9.168000000e-01    -1.600000000e-01
    -9.128000000e-01    -3.600000000e-01
    -9.152000000e-01    -2.400000000e-01
    -9.136000000e-01    -3.200000000e-01
    -9.120000000e-01    -4.000000000e-01
    -9.128000000e-01    -3.600000000e-01
    -9.120000000e-01    -4.000000000e-01
    -9.112000000e-01    -4.400000000e-01
    -8.312000000e-01    -4.400000000e-01
    -9.136000000e-01    -3.200000000e-01
    -9.136000000e-01    -3.200000000e-01
    -9.144000000e-01    -2.800000000e-01
    -9.144000000e-01    -2.800000000e-01
    -8.376000000e-01    -1.200000000e-01
    -8.424000000e-01     1.200000000e-01
    -9.264000000e-01     3.200000000e-01
    -9.256000000e-01     2.800000000e-01
    -9.256000000e-01     2.800000000e-01
    -8.432000000e-01     1.600000000e-01
    -6.816000000e-01     8.000000000e-02
    -7.656000000e-01     2.800000000e-01
    -8.440000000e-01     2.000000000e-01
    -8.440000000e-01     2.000000000e-01
    -8.456000000e-01     2.800000000e-01
    -7.608000000e-01     4.000000000e-02
    -7.584000000e-01    -8.000000000e-02
    -7.584000000e-01    -8.000000000e-02
    -6.744000000e-01    -2.800000000e-01
    -7.496000000e-01    -5.200000000e-01
    -7.496000000e-01    -5.200000000e-01
    -7.520000000e-01    -4.000000000e-01
    -6.728000000e-01    -3.600000000e-01
    -7.528000000e-01    -3.600000000e-01
    -6.712000000e-01    -4.400000000e-01
    -6.728000000e-01    -3.600000000e-01
    -8.368000000e-01    -1.600000000e-01
    -9.208000000e-01     4.000000000e-02
    -9.240000000e-01     2.000000000e-01
    -8.424000000e-01     1.200000000e-01
    -8.424000000e-01     1.200000000e-01
    -8.392000000e-01    -4.000000000e-02
    -7.584000000e-01    -8.000000000e-02
    -7.568000000e-01    -1.600000000e-01
    -7.544000000e-01    -2.800000000e-01
    -7.568000000e-01    -1.600000000e-01
    -6.728000000e-01    -3.600000000e-01
    -7.528000000e-01    -3.600000000e-01
    -8.312000000e-01    -4.400000000e-01
    -8.320000000e-01    -4.000000000e-01
    -8.320000000e-01    -4.000000000e-01
    -8.344000000e-01    -2.800000000e-01
    -8.336000000e-01    -3.200000000e-01
    -9.168000000e-01    -1.600000000e-01
    -8.376000000e-01    -1.200000000e-01
    -8.400000000e-01     0.000000000e+00
    -7.576000000e-01    -1.200000000e-01
    -7.536000000e-01    -3.200000000e-01
    -5.936000000e-01    -3.200000000e-01
    -5.960000000e-01    -2.000000000e-01
    -6.744000000e-01    -2.800000000e-01
    -7.528000000e-01    -3.600000000e-01
    -7.520000000e-01    -4.000000000e-01
    -7.528000000e-01    -3.600000000e-01
    -7.536000000e-01    -3.200000000e-01
    -8.360000000e-01    -2.000000000e-01
    -8.368000000e-01    -1.600000000e-01
    -8.376000000e-01    -1.200000000e-01
    -7.608000000e-01     4.000000000e-02
    -7.616000000e-01     8.000000000e-02
    -7.632000000e-01     1.600000000e-01
    -7.552000000e-01    -2.400000000e-01
    -7.544000000e-01    -2.800000000e-01
    -7.512000000e-01    -4.400000000e-01
    -8.304000000e-01    -4.800000000e-01
    -8.312000000e-01    -4.400000000e-01
    -8.336000000e-01    -3.200000000e-01
    -8.328000000e-01    -3.600000000e-01
    -8.336000000e-01    -3.200000000e-01
    -8.336000000e-01    -3.200000000e-01
    -7.560000000e-01    -2.000000000e-01
    -8.344000000e-01    -2.800000000e-01
    -7.536000000e-01    -3.200000000e-01
    -7.528000000e-01    -3.600000000e-01
    -7.520000000e-01    -4.000000000e-01
    -5.920000000e-01    -4.000000000e-01
    -7.520000000e-01    -4.000000000e-01
    -6.680000000e-01    -6.000000000e-01
    -7.480000000e-01    -6.000000000e-01
    -8.288000000e-01    -5.600000000e-01
    -6.736000000e-01    -3.200000000e-01
    -6.800000000e-01     0.000000000e+00
    -8.424000000e-01     1.200000000e-01
    -8.440000000e-01     2.000000000e-01
    -8.408000000e-01     4.000000000e-02
    -7.632000000e-01     1.600000000e-01
    -6.824000000e-01     1.200000000e-01
    -6.008000000e-01     4.000000000e-02
    -5.216000000e-01     8.000000000e-02
    -6.024000000e-01     1.200000000e-01
    -6.064000000e-01     3.200000000e-01
    -7.664000000e-01     3.200000000e-01
    -7.672000000e-01     3.600000000e-01
    -6.824000000e-01     1.200000000e-01
    -5.976000000e-01    -1.200000000e-01
    -6.760000000e-01    -2.000000000e-01
    -7.616000000e-01     8.000000000e-02
    -8.384000000e-01    -8.000000000e-02
    -8.376000000e-01    -1.200000000e-01
    -8.376000000e-01    -1.200000000e-01
    -7.544000000e-01    -2.800000000e-01
    -7.560000000e-01    -2.000000000e-01
    -8.440000000e-01     2.000000000e-01
    -8.504000000e-01     5.200000000e-01
    -7.704000000e-01     5.200000000e-01
    -8.520000000e-01     6.000000000e-01
    -8.488000000e-01     4.400000000e-01
    -8.464000000e-01     3.200000000e-01
    -8.456000000e-01     2.800000000e-01
    -7.680000000e-01     4.000000000e-01
    -8.504000000e-01     5.200000000e-01
    -8.504000000e-01     5.200000000e-01
    -8.520000000e-01     6.000000000e-01
    -8.536000000e-01     6.800000000e-01
    -8.544000000e-01     7.200000000e-01
    -8.552000000e-01     7.600000000e-01
    -7.728000000e-01     6.400000000e-01
    -7.728000000e-01     6.400000000e-01
    -7.736000000e-01     6.800000000e-01
    -7.744000000e-01     7.200000000e-01
    -8.528000000e-01     6.400000000e-01
    -6.920000000e-01     6.000000000e-01
    -6.920000000e-01     6.000000000e-01
    -6.088000000e-01     4.400000000e-01
    -7.712000000e-01     5.600000000e-01
    -7.712000000e-01     5.600000000e-01
    -6.864000000e-01     3.200000000e-01
    -6.016000000e-01     8.000000000e-02
    -6.816000000e-01     8.000000000e-02
    -6.784000000e-01    -8.000000000e-02
    -7.640000000e-01     2.000000000e-01
    -8.472000000e-01     3.600000000e-01
    -6.832000000e-01     1.600000000e-01
    -7.632000000e-01     1.600000000e-01
    -7.624000000e-01     1.200000000e-01
    -8.440000000e-01     2.000000000e-01
    -7.648000000e-01     2.400000000e-01
    -8.472000000e-01     3.600000000e-01
    -7.680000000e-01     4.000000000e-01
    -8.464000000e-01     3.200000000e-01
    -7.664000000e-01     3.200000000e-01
    -8.464000000e-01     3.200000000e-01
    -8.480000000e-01     4.000000000e-01
    -7.688000000e-01     4.400000000e-01
    -7.680000000e-01     4.000000000e-01
    -8.448000000e-01     2.400000000e-01
    -8.440000000e-01     2.000000000e-01
    -7.608000000e-01     4.000000000e-02
    -7.600000000e-01     0.000000000e+00
    -6.888000000e-01     4.400000000e-01
    -7.696000000e-01     4.800000000e-01
    -8.464000000e-01     3.200000000e-01
    -8.448000000e-01     2.400000000e-01
    -8.472000000e-01     3.600000000e-01
    -8.496000000e-01     4.800000000e-01
    -8.456000000e-01     2.800000000e-01
    -8.448000000e-01     2.400000000e-01
    -8.440000000e-01     2.000000000e-01
    -8.456000000e-01     2.800000000e-01
    -6.888000000e-01     4.400000000e-01
    -6.904000000e-01     5.200000000e-01
    -6.104000000e-01     5.200000000e-01
    -7.704000000e-01     5.200000000e-01
    -8.496000000e-01     4.800000000e-01
    -8.496000000e-01     4.800000000e-01
    -8.472000000e-01     3.600000000e-01
    -8.448000000e-01     2.400000000e-01
    -7.680000000e-01     4.000000000e-01
    -8.448000000e-01     2.400000000e-01
    -9.224000000e-01     1.200000000e-01
    -9.232000000e-01     1.600000000e-01
    -8.432000000e-01     1.600000000e-01
    -8.432000000e-01     1.600000000e-01
    -8.456000000e-01     2.800000000e-01
    -9.264000000e-01     3.200000000e-01
    -9.240000000e-01     2.000000000e-01
    -9.248000000e-01     2.400000000e-01
    -9.280000000e-01     4.000000000e-01
    -9.256000000e-01     2.800000000e-01
    -8.448000000e-01     2.400000000e-01
    -8.448000000e-01     2.400000000e-01
    -8.472000000e-01     3.600000000e-01
    -8.432000000e-01     1.600000000e-01
    -8.448000000e-01     2.400000000e-01
    -8.456000000e-01     2.800000000e-01
    -8.432000000e-01     1.600000000e-01
    -8.448000000e-01     2.400000000e-01
    -8.392000000e-01    -4.000000000e-02
    -9.176000000e-01    -1.200000000e-01
    -9.152000000e-01    -2.400000000e-01
    -9.136000000e-01    -3.200000000e-01
    -7.536000000e-01    -3.200000000e-01
    -7.512000000e-01    -4.400000000e-01
    -8.368000000e-01    -1.600000000e-01
    -8.360000000e-01    -2.000000000e-01
    -7.568000000e-01    -1.600000000e-01
    -8.352000000e-01    -2.400000000e-01
    -6.768000000e-01    -1.600000000e-01
    -8.328000000e-01    -3.600000000e-01
    -6.736000000e-01    -3.200000000e-01
    -5.928000000e-01    -3.600000000e-01
    -7.560000000e-01    -2.000000000e-01
    -6.824000000e-01     1.200000000e-01
    -6.752000000e-01    -2.400000000e-01
    -6.792000000e-01    -4.000000000e-02
    -7.552000000e-01    -2.400000000e-01
    -6.728000000e-01    -3.600000000e-01
    -7.528000000e-01    -3.600000000e-01
    -6.768000000e-01    -1.600000000e-01
    -6.792000000e-01    -4.000000000e-02
    -6.848000000e-01     2.400000000e-01
    -6.832000000e-01     1.600000000e-01
    -6.840000000e-01     2.000000000e-01
    -6.808000000e-01     4.000000000e-02
    -5.216000000e-01     8.000000000e-02
    -4.456000000e-01     2.800000000e-01
    -6.072000000e-01     3.600000000e-01
    -6.920000000e-01     6.000000000e-01
    -7.680000000e-01     4.000000000e-01
    -7.672000000e-01     3.600000000e-01
    -6.880000000e-01     4.000000000e-01
    -6.832000000e-01     1.600000000e-01
    -6.840000000e-01     2.000000000e-01
    -6.896000000e-01     4.800000000e-01
    -7.680000000e-01     4.000000000e-01
    -7.680000000e-01     4.000000000e-01
    -7.664000000e-01     3.200000000e-01
    -7.608000000e-01     4.000000000e-02
    -7.672000000e-01     3.600000000e-01
    -7.704000000e-01     5.200000000e-01
    -7.704000000e-01     5.200000000e-01
    -8.544000000e-01     7.200000000e-01
    -8.560000000e-01     8.000000000e-01
    -7.752000000e-01     7.600000000e-01
    -6.912000000e-01     5.600000000e-01
    -6.888000000e-01     4.400000000e-01
    -6.872000000e-01     3.600000000e-01
    -7.680000000e-01     4.000000000e-01
    -8.488000000e-01     4.400000000e-01
    -7.664000000e-01     3.200000000e-01
    -6.032000000e-01     1.600000000e-01
    -5.216000000e-01     8.000000000e-02
    -6.008000000e-01     4.000000000e-02
    -7.656000000e-01     2.800000000e-01
    -6.824000000e-01     1.200000000e-01
    -6.816000000e-01     8.000000000e-02
    -6.768000000e-01    -1.600000000e-01
    -6.808000000e-01     4.000000000e-02
    -8.432000000e-01     1.600000000e-01
    -8.432000000e-01     1.600000000e-01
    -8.448000000e-01     2.400000000e-01
    -8.456000000e-01     2.800000000e-01
    -8.440000000e-01     2.000000000e-01
    -8.464000000e-01     3.200000000e-01
    -8.480000000e-01     4.000000000e-01
    -7.728000000e-01     6.400000000e-01
    -6.080000000e-01     4.000000000e-01
    -7.688000000e-01     4.400000000e-01
    -9.304000000e-01     5.200000000e-01
    -9.304000000e-01     5.200000000e-01
    -8.520000000e-01     6.000000000e-01
    -8.536000000e-01     6.800000000e-01
    -7.728000000e-01     6.400000000e-01
    -9.352000000e-01     7.600000000e-01
    -7.720000000e-01     6.000000000e-01
    -7.704000000e-01     5.200000000e-01
    -8.488000000e-01     4.400000000e-01
    -7.656000000e-01     2.800000000e-01
    -7.672000000e-01     3.600000000e-01
    -7.656000000e-01     2.800000000e-01
    -7.672000000e-01     3.600000000e-01
    -7.688000000e-01     4.400000000e-01
    -7.704000000e-01     5.200000000e-01
    -7.696000000e-01     4.800000000e-01
    -7.680000000e-01     4.000000000e-01
    -7.736000000e-01     6.800000000e-01
    -8.520000000e-01     6.000000000e-01
    -7.704000000e-01     5.200000000e-01
    -7.704000000e-01     5.200000000e-01
    -6.848000000e-01     2.400000000e-01
    -6.888000000e-01     4.400000000e-01
    -6.880000000e-01     4.000000000e-01
    -6.856000000e-01     2.800000000e-01
    -6.856000000e-01     2.800000000e-01
    -5.216000000e-01     8.000000000e-02
    -7.560000000e-01    -2.000000000e-01
    -9.160000000e-01    -2.000000000e-01
    -9.136000000e-01    -3.200000000e-01
    -9.144000000e-01    -2.800000000e-01
    -9.144000000e-01    -2.800000000e-01
    -8.320000000e-01    -4.000000000e-01
    -8.320000000e-01    -4.000000000e-01
    -8.344000000e-01    -2.800000000e-01
    -7.528000000e-01    -3.600000000e-01
    -6.792000000e-01    -4.000000000e-02
    -6.792000000e-01    -4.000000000e-02
    -6.744000000e-01    -2.800000000e-01
    -7.520000000e-01    -4.000000000e-01
    -7.520000000e-01    -4.000000000e-01
    -7.544000000e-01    -2.800000000e-01
    -8.360000000e-01    -2.000000000e-01
    -7.568000000e-01    -1.600000000e-01
    -8.352000000e-01    -2.400000000e-01
    -5.968000000e-01    -1.600000000e-01
    -7.600000000e-01     0.000000000e+00
    -8.384000000e-01    -8.000000000e-02
    -8.368000000e-01    -1.600000000e-01
    -7.568000000e-01    -1.600000000e-01
    -8.400000000e-01     0.000000000e+00
    -7.640000000e-01     2.000000000e-01
    -7.664000000e-01     3.200000000e-01
    -7.624000000e-01     1.200000000e-01
    -6.872000000e-01     3.600000000e-01
    -7.640000000e-01     2.000000000e-01
    -7.648000000e-01     2.400000000e-01
    -6.864000000e-01     3.200000000e-01
    -6.880000000e-01     4.000000000e-01
    -6.056000000e-01     2.800000000e-01
    -6.064000000e-01     3.200000000e-01
    -6.904000000e-01     5.200000000e-01
    -6.088000000e-01     4.400000000e-01
    -6.088000000e-01     4.400000000e-01
    -6.040000000e-01     2.000000000e-01
    -6.008000000e-01     4.000000000e-02
    -6.032000000e-01     1.600000000e-01
    -5.976000000e-01    -1.200000000e-01
    -5.976000000e-01    -1.200000000e-01
    -6.752000000e-01    -2.400000000e-01
    -7.536000000e-01    -3.200000000e-01
    -8.328000000e-01    -3.600000000e-01
    -7.544000000e-01    -2.800000000e-01
    -6.760000000e-01    -2.000000000e-01
    -6.736000000e-01    -3.200000000e-01
    -7.552000000e-01    -2.400000000e-01
    -7.560000000e-01    -2.000000000e-01
    -7.536000000e-01    -3.200000000e-01
    -7.520000000e-01    -4.000000000e-01
    -7.512000000e-01    -4.400000000e-01
    -6.712000000e-01    -4.400000000e-01
    -6.744000000e-01    -2.800000000e-01
    -6.824000000e-01     1.200000000e-01
    -6.056000000e-01     2.800000000e-01
    -6.856000000e-01     2.800000000e-01
    -6.824000000e-01     1.200000000e-01
    -6.840000000e-01     2.000000000e-01
    -6.840000000e-01     2.000000000e-01
    -7.640000000e-01     2.000000000e-01
    -8.440000000e-01     2.000000000e-01
    -8.472000000e-01     3.600000000e-01
    -8.472000000e-01     3.600000000e-01
    -8.496000000e-01     4.800000000e-01
    -8.504000000e-01     5.200000000e-01
    -8.504000000e-01     5.200000000e-01
    -7.712000000e-01     5.600000000e-01
    -6.896000000e-01     4.800000000e-01
    -8.464000000e-01     3.200000000e-01
    -8.448000000e-01     2.400000000e-01
    -8.440000000e-01     2.000000000e-01
    -8.408000000e-01     4.000000000e-02
    -7.600000000e-01     0.000000000e+00
    -8.384000000e-01    -8.000000000e-02
    -8.384000000e-01    -8.000000000e-02
    -7.576000000e-01    -1.200000000e-01
    -7.568000000e-01    -1.600000000e-01
    -6.776000000e-01    -1.200000000e-01
    -5.984000000e-01    -8.000000000e-02
    -5.232000000e-01     1.600000000e-01
    -6.040000000e-01     2.000000000e-01
    -6.832000000e-01     1.600000000e-01
    -8.432000000e-01     1.600000000e-01
    -7.640000000e-01     2.000000000e-01
    -6.856000000e-01     2.800000000e-01
    -7.648000000e-01     2.400000000e-01
    -7.616000000e-01     8.000000000e-02
    -7.640000000e-01     2.000000000e-01
    -7.640000000e-01     2.000000000e-01
    -8.488000000e-01     4.400000000e-01
    -8.512000000e-01     5.600000000e-01
    -8.552000000e-01     7.600000000e-01
    -9.392000000e-01     9.600000000e-01
    -7.728000000e-01     6.400000000e-01
    -9.384000000e-01     9.200000000e-01
    -1.020000000e+00     1.000000000e+00
    -9.392000000e-01     9.600000000e-01
    -9.392000000e-01     9.600000000e-01
    -1.020000000e+00     1.000000000e+00
    -1.020000000e+00     1.000000000e+00
    -1.020000000e+00     1.000000000e+00
    -1.020000000e+00     1.000000000e+00
    -9.392000000e-01     9.600000000e-01
    -7.768000000e-01     8.400000000e-01
    -7.768000000e-01     8.400000000e-01
    -8.552000000e-01     7.600000000e-01
    -8.560000000e-01     8.000000000e-01
    -7.760000000e-01     8.000000000e-01
    -9.368000000e-01     8.400000000e-01
    -9.344000000e-01     7.200000000e-01
    -9.336000000e-01     6.800000000e-01
