    -6.888000000e-01     4.400000000e-01
    -7.664000000e-01     3.200000000e-01
    -7.624000000e-01     1.200000000e-01
    -7.648000000e-01     2.400000000e-01
    -7.640000000e-01     2.000000000e-01
    -7.616000000e-01     8.000000000e-02
    -8.448000000e-01     2.400000000e-01
    -8.480000000e-01     4.000000000e-01
    -9.296000000e-01     4.800000000e-01
    -9.280000000e-01     4.000000000e-01
    -9.296000000e-01     4.800000000e-01
    -9.320000000e-01     6.000000000e-01
    -9.312000000e-01     5.600000000e-01
    -9.328000000e-01     6.400000000e-01
    -9.304000000e-01     5.200000000e-01
    -9.312000000e-01     5.600000000e-01
    -9.312000000e-01     5.600000000e-01
    -9.312000000e-01     5.600000000e-01
    -9.296000000e-01     4.800000000e-01
    -9.304000000e-01     5.200000000e-01
    -9.296000000e-01     4.800000000e-01
    -9.304000000e-01     5.200000000e-01
    -9.288000000e-01     4.400000000e-01
    -9.264000000e-01     3.200000000e-01
    -9.280000000e-01     4.000000000e-01
    -9.272000000e-01     3.600000000e-01
    -9.248000000e-01     2.400000000e-01
    -9.248000000e-01     2.400000000e-01
    -9.240000000e-01     2.000000000e-01
    -9.248000000e-01     2.400000000e-01
    -9.248000000e-01     2.400000000e-01
    -9.264000000e-01     3.200000000e-01
    -9.272000000e-01     3.600000000e-01
    -9.232000000e-01     1.600000000e-01
    -9.232000000e-01     1.600000000e-01
    -9.216000000e-01     8.000000000e-02
    -9.200000000e-01     0.000000000e+00
    -9.176000000e-01    -1.200000000e-01
    -9.184000000e-01    -8.000000000e-02
    -9.192000000e-01    -4.000000000e-02
    -9.200000000e-01     0.000000000e+00
    -9.200000000e-01     0.000000000e+00
    -9.192000000e-01    -4.000000000e-02
    -9.216000000e-01     8.000000000e-02
    -9.216000000e-01     8.000000000e-02
    -9.224000000e-01     1.200000000e-01
    -9.224000000e-01     1.200000000e-01
    -9.192000000e-01    -4.000000000e-02
    -9.216000000e-01     8.000000000e-02
    -9.208000000e-01     4.000000000e-02
    -9.216000000e-01     8.000000000e-02
    -9.224000000e-01     1.200000000e-01
    -9.216000000e-01     8.000000000e-02
    -9.240000000e-01     2.000000000e-01
    -9.224000000e-01     1.200000000e-01
    -9.224000000e-01     1.200000000e-01
    -9.240000000e-01     2.000000000e-01
    -9.256000000e-01     2.800000000e-01
    -9.224000000e-01     1.200000000e-01
    -9.216000000e-01     8.000000000e-02
    -9.216000000e-01     8.000000000e-02
    -9.240000000e-01     2.000000000e-01
    -9.240000000e-01     2.000000000e-01
    -9.240000000e-01     2.000000000e-01
    -9.248000000e-01     2.400000000e-01
    -9.248000000e-01     2.400000000e-01
    -9.256000000e-01     2.800000000e-01
    -9.272000000e-01     3.600000000e-01
    -9.256000000e-01     2.800000000e-01
    -9.264000000e-01     3.200000000e-01
    -9.280000000e-01     4.000000000e-01
    -9.264000000e-01     3.200000000e-01
    -9.272000000e-01     3.600000000e-01
    -9.256000000e-01     2.800000000e-01
    -9.280000000e-01     4.000000000e-01
    -9.288000000e-01     4.400000000e-01
    -9.296000000e-01     4.800000000e-01
    -9.296000000e-01     4.800000000e-01
    -9.328000000e-01     6.400000000e-01
    -9.328000000e-01     6.400000000e-01
    -9.336000000e-01     6.800000000e-01
    -9.328000000e-01     6.400000000e-01
    -9.320000000e-01     6.000000000e-01
    -9.344000000e-01     7.200000000e-01
    -9.344000000e-01     7.200000000e-01
    -9.360000000e-01     8.000000000e-01
    -9.360000000e-01     8.000000000e-01
    -9.352000000e-01     7.600000000e-01
    -9.336000000e-01     6.800000000e-01
    -9.320000000e-01     6.000000000e-01
    -9.320000000e-01     6.000000000e-01
    -9.320000000e-01     6.000000000e-01
    -9.328000000e-01     6.400000000e-01
    -9.336000000e-01     6.800000000e-01
    -9.336000000e-01     6.800000000e-01
    -9.320000000e-01     6.000000000e-01
    -9.320000000e-01     6.000000000e-01
    -9.304000000e-01     5.200000000e-01
    -9.312000000e-01     5.600000000e-01
    -9.344000000e-01     7.200000000e-01
    -9.328000000e-01     6.400000000e-01
    -9.320000000e-01     6.000000000e-01
    -9.336000000e-01     6.800000000e-01
    -9.368000000e-01     8.400000000e-01
    -9.384000000e-01     9.200000000e-01
    -1.020000000e+00     1.000000000e+00
    -1.020000000e+00     1.000000000e+00
    -1.020000000e+00     1.000000000e+00
    -1.020000000e+00     1.000000000e+00
    -1.020000000e+00     1.000000000e+00
    -1.020000000e+00     1.000000000e+00
    -1.020000000e+00     1.000000000e+00
    -1.020000000e+00     1.000000000e+00
    -1.020000000e+00     1.000000000e+00
    -1.020000000e+00     1.000000000e+00
    -1.020000000e+00     1.000000000e+00
    -1.020000000e+00     1.000000000e+00
    -1.020000000e+00     1.000000000e+00
    -1.020000000e+00     1.000000000e+00
    -1.020000000e+00     1.000000000e+00
    -1.020000000e+00     1.000000000e+00
    -1.020000000e+00     1.000000000e+00
    -1.020000000e+00     1.000000000e+00
    -1.020000000e+00     1.000000000e+00
    -1.020000000e+00     1.000000000e+00
    -1.020000000e+00     1.000000000e+00
    -1.020000000e+00     1.000000000e+00
    -1.020000000e+00     1.000000000e+00
    -1.020000000e+00     1.000000000e+00
    -1.020000000e+00     1.000000000e+00
    -1.020000000e+00     1.000000000e+00
    -1.020000000e+00     1.000000000e+00
    -1.020000000e+00     1.000000000e+00
    -1.020000000e+00     1.000000000e+00
    -1.020000000e+00     1.000000000e+00
    -1.020000000e+00     1.000000000e+00
    -1.020000000e+00     1.000000000e+00
    -1.020000000e+00     1.000000000e+00
    -1.020000000e+00     1.000000000e+00
    -1.020000000e+00     1.000000000e+00
    -1.020000000e+00     1.000000000e+00
    -1.020000000e+00     1.000000000e+00
    -1.020000000e+00     1.000000000e+00
    -1.020000000e+00     1.000000000e+00
    -1.020000000e+00     1.000000000e+00
    -1.020000000e+00     1.000000000e+00
    -1.020000000e+00     1.000000000e+00
    -1.020000000e+00     1.000000000e+00
    -1.020000000e+00     1.000000000e+00
    -1.020000000e+00     1.000000000e+00
    -1.020000000e+00     1.000000000e+00
    -1.020000000e+00     1.000000000e+00
    -1.020000000e+00     1.000000000e+00
    -1.020000000e+00     1.000000000e+00
    -1.020000000e+00     1.000000000e+00
    -1.020000000e+00     1.000000000e+00
    -1.020000000e+00     1.000000000e+00
    -1.020000000e+00     1.000000000e+00
    -1.020000000e+00     1.000000000e+00
    -1.020000000e+00     1.000000000e+00
    -1.020000000e+00     1.000000000e+00
    -1.020000000e+00     1.000000000e+00
    -1.020000000e+00     1.000000000e+00
    -1.020000000e+00     1.000000000e+00
    -1.020000000e+00     1.000000000e+00
    -1.020000000e+00     1.000000000e+00
    -1.020000000e+00     1.000000000e+00
    -1.020000000e+00     1.000000000e+00
    -1.020000000e+00     1.000000000e+00
    -1.020000000e+00     1.000000000e+00
    -1.020000000e+00     1.000000000e+00
    -1.020000000e+00     1.000000000e+00
    -1.020000000e+00     1.000000000e+00
    -1.020000000e+00     1.000000000e+00
    -1.020000000e+00     1.000000000e+00
    -1.020000000e+00     1.000000000e+00
    -1.020000000e+00     1.000000000e+00
    -1.020000000e+00     1.000000000e+00
    -1.020000000e+00     1.000000000e+00
    -1.020000000e+00     1.000000000e+00
    -1.020000000e+00     1.000000000e+00
    -1.020000000e+00     1.000000000e+00
    -1.020000000e+00     1.000000000e+00
    -1.020000000e+00     1.000000000e+00
    -1.020000000e+00     1.000000000e+00
    -1.020000000e+00     1.000000000e+00
    -1.020000000e+00     1.000000000e+00
    -1.020000000e+00     1.000000000e+00
    -1.020000000e+00     1.000000000e+00
    -1.020000000e+00     1.000000000e+00
    -1.020000000e+00     1.000000000e+00
    -1.020000000e+00     1.000000000e+00
    -1.020000000e+00     1.000000000e+00
    -1.020000000e+00     1.000000000e+00
    -1.020000000e+00     1.000000000e+00
    -9.392000000e-01     9.600000000e-01
    -1.020000000e+00     1.000000000e+00
    -9.392000000e-01     9.600000000e-01
    -9.376000000e-01     8.800000000e-01
    -9.384000000e-01     9.200000000e-01
    -1.020000000e+00     1.000000000e+00
    -1.020000000e+00     1.000000000e+00
    -1.020000000e+00     1.000000000e+00
    -1.020000000e+00     1.000000000e+00
    -1.020000000e+00     1.000000000e+00
    -1.020000000e+00     1.000000000e+00
    -1.020000000e+00     1.000000000e+00
    -1.020000000e+00     1.000000000e+00
    -1.020000000e+00     1.000000000e+00
    -1.020000000e+00     1.000000000e+00
    -1.020000000e+00     1.000000000e+00
    -1.020000000e+00     1.000000000e+00
    -1.020000000e+00     1.000000000e+00
    -1.020000000e+00     1.000000000e+00
    -1.020000000e+00     1.000000000e+00
    -1.020000000e+00     1.000000000e+00
    -1.020000000e+00     1.000000000e+00
    -1.020000000e+00     1.000000000e+00
    -1.020000000e+00     1.000000000e+00
    -1.020000000e+00     1.000000000e+00
    -1.020000000e+00     1.000000000e+00
    -1.020000000e+00     1.000000000e+00
    -1.020000000e+00     1.000000000e+00
    -1.020000000e+00     1.000000000e+00
    -1.020000000e+00     1.000000000e+00
    -1.020000000e+00     1.000000000e+00
    -1.020000000e+00     1.000000000e+00
    -1.020000000e+00     1.000000000e+00
    -1.020000000e+00     1.000000000e+00
    -1.020000000e+00     1.000000000e+00
    -1.020000000e+00     1.000000000e+00
    -9.392000000e-01     9.600000000e-01
    -1.020000000e+00     1.000000000e+00
    -1.020000000e+00     1.000000000e+00
    -1.020000000e+00     1.000000000e+00
    -1.020000000e+00     1.000000000e+00
    -1.020000000e+00     1.000000000e+00
    -1.020000000e+00     1.000000000e+00
    -1.020000000e+00     1.000000000e+00
    -1.020000000e+00     1.000000000e+00
    -1.020000000e+00     1.000000000e+00
    -1.020000000e+00     1.000000000e+00
    -9.384000000e-01     9.200000000e-01
    -1.020000000e+00     1.000000000e+00
    -1.020000000e+00     1.000000000e+00
    -1.020000000e+00     1.000000000e+00
    -1.020000000e+00     1.000000000e+00
    -1.020000000e+00     1.000000000e+00
    -1.020000000e+00     1.000000000e+00
    -1.020000000e+00     1.000000000e+00
    -1.020000000e+00     1.000000000e+00
    -1.020000000e+00     1.000000000e+00
    -1.020000000e+00     1.000000000e+00
    -1.020000000e+00     1.000000000e+00
    -1.020000000e+00     1.000000000e+00
    -1.020000000e+00     1.000000000e+00
    -1.020000000e+00     1.000000000e+00
    -1.020000000e+00     1.000000000e+00
    -1.020000000e+00     1.000000000e+00
    -1.020000000e+00     1.000000000e+00
    -1.020000000e+00     1.000000000e+00
    -1.020000000e+00     1.000000000e+00
    -1.020000000e+00     1.000000000e+00
    -1.020000000e+00     1.000000000e+00
    -1.020000000e+00     1.000000000e+00
    -1.020000000e+00     1.000000000e+00
    -1.020000000e+00     1.000000000e+00
    -1.020000000e+00     1.000000000e+00
    -1.020000000e+00     1.000000000e+00
    -1.020000000e+00     1.000000000e+00
    -1.020000000e+00     1.000000000e+00
    -1.020000000e+00     1.000000000e+00
    -1.020000000e+00     1.000000000e+00
    -1.020000000e+00     1.000000000e+00
    -1.020000000e+00     1.000000000e+00
    -1.020000000e+00     1.000000000e+00
    -1.020000000e+00     1.000000000e+00
    -1.020000000e+00     1.000000000e+00
    -1.020000000e+00     1.000000000e+00
    -1.020000000e+00     1.000000000e+00
    -1.020000000e+00     1.000000000e+00
    -1.020000000e+00     1.000000000e+00
    -1.020000000e+00     1.000000000e+00
    -1.020000000e+00     1.000000000e+00
    -1.020000000e+00     1.000000000e+00
    -1.020000000e+00     1.000000000e+00
    -1.020000000e+00     1.000000000e+00
    -1.020000000e+00     1.000000000e+00
    -1.020000000e+00     1.000000000e+00
    -1.020000000e+00     1.000000000e+00
    -1.020000000e+00     1.000000000e+00
    -1.020000000e+00     1.000000000e+00
    -1.020000000e+00     1.000000000e+00
    -1.020000000e+00     1.000000000e+00
    -1.020000000e+00     1.000000000e+00
    -1.020000000e+00     1.000000000e+00
    -1.020000000e+00     1.000000000e+00
    -1.020000000e+00     1.000000000e+00
    -1.020000000e+00     1.000000000e+00
    -1.020000000e+00     1.000000000e+00
    -1.020000000e+00     1.000000000e+00
    -1.020000000e+00     1.000000000e+00
    -1.020000000e+00     1.000000000e+00
    -1.020000000e+00     1.000000000e+00
    -1.020000000e+00     1.000000000e+00
    -1.020000000e+00     1.000000000e+00
    -1.020000000e+00     1.000000000e+00
    -1.020000000e+00     1.000000000e+00
    -9.384000000e-01     9.200000000e-01
    -9.344000000e-01     7.200000000e-01
    -9.344000000e-01     7.200000000e-01
    -9.360000000e-01     8.000000000e-01
    -9.368000000e-01     8.400000000e-01
    -9.392000000e-01     9.600000000e-01
    -1.020000000e+00     1.000000000e+00
    -1.020000000e+00     1.000000000e+00
    -1.020000000e+00     1.000000000e+00
    -1.020000000e+00     1.000000000e+00
    -1.020000000e+00     1.000000000e+00
    -1.020000000e+00     1.000000000e+00
    -1.020000000e+00     1.000000000e+00
    -1.020000000e+00     1.000000000e+00
    -1.020000000e+00     1.000000000e+00
    -1.020000000e+00     1.000000000e+00
    -1.020000000e+00     1.000000000e+00
    -1.020000000e+00     1.000000000e+00
    -1.020000000e+00     1.000000000e+00
    -1.020000000e+00     1.000000000e+00
    -1.020000000e+00     1.000000000e+00
    -1.020000000e+00     1.000000000e+00
    -1.020000000e+00     1.000000000e+00
    -1.020000000e+00     1.000000000e+00
    -1.020000000e+00     1.000000000e+00
    -1.020000000e+00     1.000000000e+00
    -1.020000000e+00     1.000000000e+00
    -1.020000000e+00     1.000000000e+00
    -1.020000000e+00     1.000000000e+00
    -1.020000000e+00     1.000000000e+00
    -1.020000000e+00     1.000000000e+00
    -1.020000000e+00     1.000000000e+00
    -1.020000000e+00     1.000000000e+00
    -1.020000000e+00     1.000000000e+00
    -1.020000000e+00     1.000000000e+00
    -1.020000000e+00     1.000000000e+00
    -1.020000000e+00     1.000000000e+00
    -1.020000000e+00     1.000000000e+00
    -1.020000000e+00     1.000000000e+00
    -1.020000000e+00     1.000000000e+00
    -1.020000000e+00     1.000000000e+00
    -1.020000000e+00     1.000000000e+00
    -1.020000000e+00     1.000000000e+00
    -1.020000000e+00     1.000000000e+00
    -1.020000000e+00     1.000000000e+00
    -1.020000000e+00     1.000000000e+00
    -1.020000000e+00     1.000000000e+00
    -1.020000000e+00     1.000000000e+00
    -1.020000000e+00     1.000000000e+00
    -9.392000000e-01     9.600000000e-01
    -9.384000000e-01     9.200000000e-01
    -1.020000000e+00     1.000000000e+00
    -1.020000000e+00     1.000000000e+00
    -1.020000000e+00     1.000000000e+00
    -1.020000000e+00     1.000000000e+00
    -1.020000000e+00     1.000000000e+00
    -1.020000000e+00     1.000000000e+00
    -1.020000000e+00     1.000000000e+00
    -1.020000000e+00     1.000000000e+00
    -1.020000000e+00     1.000000000e+00
    -1.020000000e+00     1.000000000e+00
    -1.020000000e+00     1.000000000e+00
    -1.020000000e+00     1.000000000e+00
    -1.020000000e+00     1.000000000e+00
    -1.020000000e+00     1.000000000e+00
    -1.020000000e+00     1.000000000e+00
    -1.020000000e+00     1.000000000e+00
    -1.020000000e+00     1.000000000e+00
    -1.020000000e+00     1.000000000e+00
    -1.020000000e+00     1.000000000e+00
    -1.020000000e+00     1.000000000e+00
    -1.020000000e+00     1.000000000e+00
    -1.020000000e+00     1.000000000e+00
    -1.020000000e+00     1.000000000e+00
    -1.020000000e+00     1.000000000e+00
    -1.020000000e+00     1.000000000e+00
    -1.020000000e+00     1.000000000e+00
    -1.020000000e+00     1.000000000e+00
    -1.020000000e+00     1.000000000e+00
    -1.020000000e+00     1.000000000e+00
    -1.020000000e+00     1.000000000e+00
    -1.020000000e+00     1.000000000e+00
    -1.020000000e+00     1.000000000e+00
    -1.020000000e+00     1.000000000e+00
    -1.020000000e+00     1.000000000e+00
    -1.020000000e+00     1.000000000e+00
    -1.020000000e+00     1.000000000e+00
    -1.020000000e+00     1.000000000e+00
    -9.376000000e-01     8.800000000e-01
    -9.384000000e-01     9.200000000e-01
    -9.392000000e-01     9.600000000e-01
    -1.020000000e+00     1.000000000e+00
    -1.020000000e+00     1.000000000e+00
    -1.020000000e+00     1.000000000e+00
    -1.020000000e+00     1.000000000e+00
    -1.020000000e+00     1.000000000e+00
    -1.020000000e+00     1.000000000e+00
    -1.020000000e+00     1.000000000e+00
    -1.020000000e+00     1.000000000e+00
    -1.020000000e+00     1.000000000e+00
    -1.020000000e+00     1.000000000e+00
    -1.020000000e+00     1.000000000e+00
    -1.020000000e+00     1.000000000e+00
    -1.020000000e+00     1.000000000e+00
    -1.020000000e+00     1.000000000e+00
    -1.020000000e+00     1.000000000e+00
    -1.020000000e+00     1.000000000e+00
    -1.020000000e+00     1.000000000e+00
    -1.020000000e+00     1.000000000e+00
    -1.020000000e+00     1.000000000e+00
    -1.020000000e+00     1.000000000e+00
    -1.020000000e+00     1.000000000e+00
    -1.020000000e+00     1.000000000e+00
    -1.020000000e+00     1.000000000e+00
    -1.020000000e+00     1.000000000e+00
    -1.020000000e+00     1.000000000e+00
    -1.020000000e+00     1.000000000e+00
    -1.020000000e+00     1.000000000e+00
    -1.020000000e+00     1.000000000e+00
    -1.020000000e+00     1.000000000e+00
    -1.020000000e+00     1.000000000e+00
    -1.020000000e+00     1.000000000e+00
    -1.020000000e+00     1.000000000e+00
    -1.020000000e+00     1.000000000e+00
    -1.020000000e+00     1.000000000e+00
    -1.020000000e+00     1.000000000e+00
    -1.020000000e+00     1.000000000e+00
    -1.020000000e+00     1.000000000e+00
    -1.020000000e+00     1.000000000e+00
    -1.020000000e+00     1.000000000e+00
    -1.020000000e+00     1.000000000e+00
    -1.020000000e+00     1.000000000e+00
    -1.020000000e+00     1.000000000e+00
    -1.020000000e+00     1.000000000e+00
    -1.020000000e+00     1.000000000e+00
    -1.020000000e+00     1.000000000e+00
    -1.020000000e+00     1.000000000e+00
    -1.020000000e+00     1.000000000e+00
    -1.020000000e+00     1.000000000e+00
    -1.020000000e+00     1.000000000e+00
    -1.020000000e+00     1.000000000e+00
    -1.020000000e+00     1.000000000e+00
    -1.020000000e+00     1.000000000e+00
    -1.020000000e+00     1.000000000e+00
    -1.020000000e+00     1.000000000e+00
    -1.020000000e+00     1.000000000e+00
    -1.020000000e+00     1.000000000e+00
    -1.020000000e+00     1.000000000e+00
    -1.020000000e+00     1.000000000e+00
    -1.020000000e+00     1.000000000e+00
    -1.020000000e+00     1.000000000e+00
    -1.020000000e+00     1.000000000e+00
    -1.020000000e+00     1.000000000e+00
    -1.020000000e+00     1.000000000e+00
    -1.020000000e+00     1.000000000e+00
    -1.020000000e+00     1.000000000e+00
    -1.020000000e+00     1.000000000e+00
    -1.020000000e+00     1.000000000e+00
    -1.020000000e+00     1.000000000e+00
    -1.020000000e+00     1.000000000e+00
    -1.020000000e+00     1.000000000e+00
    -1.020000000e+00     1.000000000e+00
    -1.020000000e+00     1.000000000e+00
    -1.020000000e+00     1.000000000e+00
    -1.020000000e+00     1.000000000e+00
    -1.020000000e+00     1.000000000e+00
    -1.020000000e+00     1.000000000e+00
    -1.020000000e+00     1.000000000e+00
    -1.020000000e+00     1.000000000e+00
    -1.020000000e+00     1.000000000e+00
    -1.020000000e+00     1.000000000e+00
    -1.020000000e+00     1.000000000e+00
    -1.020000000e+00     1.000000000e+00
    -1.020000000e+00     1.000000000e+00
    -1.020000000e+00     1.000000000e+00
    -1.020000000e+00     1.000000000e+00
    -1.020000000e+00     1.000000000e+00
    -1.020000000e+00     1.000000000e+00
    -1.020000000e+00     1.000000000e+00
    -1.020000000e+00     1.000000000e+00
    -1.020000000e+00     1.000000000e+00
    -1.020000000e+00     1.000000000e+00
    -1.020000000e+00     1.000000000e+00
    -1.020000000e+00     1.000000000e+00
    -1.020000000e+00     1.000000000e+00
    -1.020000000e+00     1.000000000e+00
    -1.020000000e+00     1.000000000e+00
    -1.020000000e+00     1.000000000e+00
    -1.020000000e+00     1.000000000e+00
    -1.020000000e+00     1.000000000e+00
    -1.020000000e+00     1.000000000e+00
    -1.020000000e+00     1.000000000e+00
