    -3.664000000e-01     3.200000000e-01
    -6.024000000e-01     1.200000000e-01
    -6.784000000e-01    -8.000000000e-02
    -5.976000000e-01    -1.200000000e-01
    -2.792000000e-01    -4.000000000e-02
    -5.168000000e-01    -1.600000000e-01
    -3.584000000e-01    -8.000000000e-02
    -5.208000000e-01     4.000000000e-02
    -5.200000000e-01     0.000000000e+00
    -5.976000000e-01    -1.200000000e-01
    -6.728000000e-01    -3.600000000e-01
    -5.184000000e-01    -8.000000000e-02
    -5.176000000e-01    -1.200000000e-01
    -3.608000000e-01     4.000000000e-02
    -4.440000000e-01     2.000000000e-01
    -6.056000000e-01     2.800000000e-01
    -6.056000000e-01     2.800000000e-01
    -6.024000000e-01     1.200000000e-01
    -4.416000000e-01     8.000000000e-02
    -5.192000000e-01    -4.000000000e-02
    -6.840000000e-01     2.000000000e-01
    -7.656000000e-01     2.800000000e-01
    -7.600000000e-01     0.000000000e+00
    -6.792000000e-01    -4.000000000e-02
    -2.808000000e-01     4.000000000e-02
    -3.624000000e-01     1.200000000e-01
    -4.432000000e-01     1.600000000e-01
    -5.216000000e-01     8.000000000e-02
    -4.392000000e-01    -4.000000000e-02
    -3.664000000e-01     3.200000000e-01
    -6.048000000e-01     2.400000000e-01
    -6.848000000e-01     2.400000000e-01
    -5.208000000e-01     4.000000000e-02
    -4.416000000e-01     8.000000000e-02
    -5.192000000e-01    -4.000000000e-02
    -5.200000000e-01     0.000000000e+00
    -6.016000000e-01     8.000000000e-02
    -4.448000000e-01     2.400000000e-01
    -5.232000000e-01     1.600000000e-01
    -6.032000000e-01     1.600000000e-01
    -5.208000000e-01     4.000000000e-02
    -5.952000000e-01    -2.400000000e-01
    -6.744000000e-01    -2.800000000e-01
    -5.920000000e-01    -4.000000000e-01
    -6.736000000e-01    -3.200000000e-01
    -4.336000000e-01    -3.200000000e-01
    -4.384000000e-01    -8.000000000e-02
    -6.008000000e-01     4.000000000e-02
    -5.216000000e-01     8.000000000e-02
    -6.016000000e-01     8.000000000e-02
    -6.016000000e-01     8.000000000e-02
    -5.976000000e-01    -1.200000000e-01
    -4.392000000e-01    -4.000000000e-02
    -4.376000000e-01    -1.200000000e-01
    -3.552000000e-01    -2.400000000e-01
    -4.384000000e-01    -8.000000000e-02
    -2.808000000e-01     4.000000000e-02
    -2.776000000e-01    -1.200000000e-01
    -3.552000000e-01    -2.400000000e-01
    -5.920000000e-01    -4.000000000e-01
    -5.152000000e-01    -2.400000000e-01
    -5.960000000e-01    -2.000000000e-01
    -4.392000000e-01    -4.000000000e-02
    -6.752000000e-01    -2.400000000e-01
    -6.776000000e-01    -1.200000000e-01
    -5.992000000e-01    -4.000000000e-02
    -5.248000000e-01     2.400000000e-01
    -4.424000000e-01     1.200000000e-01
    -5.224000000e-01     1.200000000e-01
    -4.424000000e-01     1.200000000e-01
    -6.056000000e-01     2.800000000e-01
    -3.640000000e-01     2.000000000e-01
    -6.064000000e-01     3.200000000e-01
    -6.832000000e-01     1.600000000e-01
    -8.440000000e-01     2.000000000e-01
    -7.640000000e-01     2.000000000e-01
    -8.472000000e-01     3.600000000e-01
    -6.832000000e-01     1.600000000e-01
    -6.040000000e-01     2.000000000e-01
    -5.184000000e-01    -8.000000000e-02
    -6.760000000e-01    -2.000000000e-01
    -5.976000000e-01    -1.200000000e-01
    -6.832000000e-01     1.600000000e-01
    -6.784000000e-01    -8.000000000e-02
    -5.960000000e-01    -2.000000000e-01
    -9.168000000e-01    -1.600000000e-01
    -7.544000000e-01    -2.800000000e-01
    -8.304000000e-01    -4.800000000e-01
    -4.336000000e-01    -3.200000000e-01
    -5.128000000e-01    -3.600000000e-01
    -6.760000000e-01    -2.000000000e-01
    -5.936000000e-01    -3.200000000e-01
    -6.672000000e-01    -6.400000000e-01
    -8.272000000e-01    -6.400000000e-01
    -7.464000000e-01    -6.800000000e-01
    -5.904000000e-01    -4.800000000e-01
    -5.152000000e-01    -2.400000000e-01
    -4.440000000e-01     2.000000000e-01
    -5.168000000e-01    -1.600000000e-01
    -5.224000000e-01     1.200000000e-01
    -6.016000000e-01     8.000000000e-02
    -3.648000000e-01     2.400000000e-01
    -4.424000000e-01     1.200000000e-01
    -4.440000000e-01     2.000000000e-01
    -5.224000000e-01     1.200000000e-01
    -5.208000000e-01     4.000000000e-02
    -6.896000000e-01     4.800000000e-01
    -6.064000000e-01     3.200000000e-01
    -7.648000000e-01     2.400000000e-01
    -6.096000000e-01     4.800000000e-01
    -6.080000000e-01     4.000000000e-01
    -6.880000000e-01     4.000000000e-01
    -6.016000000e-01     8.000000000e-02
    -6.848000000e-01     2.400000000e-01
    -5.256000000e-01     2.800000000e-01
    -7.648000000e-01     2.400000000e-01
    -6.832000000e-01     1.600000000e-01
    -6.064000000e-01     3.200000000e-01
    -7.632000000e-01     1.600000000e-01
    -6.856000000e-01     2.800000000e-01
    -6.856000000e-01     2.800000000e-01
    -6.040000000e-01     2.000000000e-01
    -6.032000000e-01     1.600000000e-01
    -5.216000000e-01     8.000000000e-02
    -7.624000000e-01     1.200000000e-01
    -6.776000000e-01    -1.200000000e-01
    -6.744000000e-01    -2.800000000e-01
    -4.344000000e-01    -2.800000000e-01
    -4.344000000e-01    -2.800000000e-01
    -5.992000000e-01    -4.000000000e-02
    -6.816000000e-01     8.000000000e-02
    -6.064000000e-01     3.200000000e-01
    -6.864000000e-01     3.200000000e-01
    -7.704000000e-01     5.200000000e-01
    -6.888000000e-01     4.400000000e-01
    -6.920000000e-01     6.000000000e-01
    -6.088000000e-01     4.400000000e-01
    -5.232000000e-01     1.600000000e-01
    -5.256000000e-01     2.800000000e-01
    -5.256000000e-01     2.800000000e-01
    -2.800000000e-01     0.000000000e+00
    -5.232000000e-01     1.600000000e-01
    -6.040000000e-01     2.000000000e-01
    -6.000000000e-01     0.000000000e+00
    -6.856000000e-01     2.800000000e-01
    -5.976000000e-01    -1.200000000e-01
    -5.208000000e-01     4.000000000e-02
    -6.032000000e-01     1.600000000e-01
    -6.840000000e-01     2.000000000e-01
    -6.896000000e-01     4.800000000e-01
    -4.384000000e-01    -8.000000000e-02
    -5.112000000e-01    -4.400000000e-01
    -7.552000000e-01    -2.400000000e-01
    -7.576000000e-01    -1.200000000e-01
    -6.800000000e-01     0.000000000e+00
    -6.792000000e-01    -4.000000000e-02
    -5.960000000e-01    -2.000000000e-01
    -7.592000000e-01    -4.000000000e-02
    -6.792000000e-01    -4.000000000e-02
    -5.992000000e-01    -4.000000000e-02
    -5.928000000e-01    -3.600000000e-01
    -5.120000000e-01    -4.000000000e-01
    -8.256000000e-01    -7.200000000e-01
    -8.288000000e-01    -5.600000000e-01
    -7.512000000e-01    -4.400000000e-01
    -6.736000000e-01    -3.200000000e-01
    -5.976000000e-01    -1.200000000e-01
    -8.416000000e-01     8.000000000e-02
    -6.776000000e-01    -1.200000000e-01
    -8.360000000e-01    -2.000000000e-01
    -5.992000000e-01    -4.000000000e-02
    -7.640000000e-01     2.000000000e-01
    -5.264000000e-01     3.200000000e-01
    -6.096000000e-01     4.800000000e-01
    -6.104000000e-01     5.200000000e-01
    -6.112000000e-01     5.600000000e-01
    -5.264000000e-01     3.200000000e-01
    -2.792000000e-01    -4.000000000e-02
    -5.152000000e-01    -2.400000000e-01
    -5.208000000e-01     4.000000000e-02
    -5.200000000e-01     0.000000000e+00
    -5.208000000e-01     4.000000000e-02
    -5.200000000e-01     0.000000000e+00
    -4.336000000e-01    -3.200000000e-01
    -3.576000000e-01    -1.200000000e-01
    -4.360000000e-01    -2.000000000e-01
    -6.776000000e-01    -1.200000000e-01
    -6.784000000e-01    -8.000000000e-02
    -4.360000000e-01    -2.000000000e-01
    -5.912000000e-01    -4.400000000e-01
    -4.360000000e-01    -2.000000000e-01
    -6.000000000e-01     0.000000000e+00
    -6.024000000e-01     1.200000000e-01
    -3.576000000e-01    -1.200000000e-01
    -3.576000000e-01    -1.200000000e-01
    -3.632000000e-01     1.600000000e-01
    -6.000000000e-01     0.000000000e+00
    -6.016000000e-01     8.000000000e-02
    -6.880000000e-01     4.000000000e-01
    -6.904000000e-01     5.200000000e-01
    -6.904000000e-01     5.200000000e-01
    -7.696000000e-01     4.800000000e-01
    -6.096000000e-01     4.800000000e-01
    -5.280000000e-01     4.000000000e-01
    -6.064000000e-01     3.200000000e-01
    -6.864000000e-01     3.200000000e-01
    -6.008000000e-01     4.000000000e-02
    -5.984000000e-01    -8.000000000e-02
    -7.624000000e-01     1.200000000e-01
    -5.208000000e-01     4.000000000e-02
    -7.528000000e-01    -3.600000000e-01
    -5.184000000e-01    -8.000000000e-02
    -6.720000000e-01    -4.000000000e-01
    -7.560000000e-01    -2.000000000e-01
    -6.744000000e-01    -2.800000000e-01
    -5.944000000e-01    -2.800000000e-01
    -5.976000000e-01    -1.200000000e-01
    -6.816000000e-01     8.000000000e-02
    -4.432000000e-01     1.600000000e-01
    -5.272000000e-01     3.600000000e-01
    -7.712000000e-01     5.600000000e-01
    -6.152000000e-01     7.600000000e-01
    -7.720000000e-01     6.000000000e-01
    -4.504000000e-01     5.200000000e-01
    -6.928000000e-01     6.400000000e-01
    -6.872000000e-01     3.600000000e-01
    -5.224000000e-01     1.200000000e-01
    -6.080000000e-01     4.000000000e-01
    -6.048000000e-01     2.400000000e-01
    -6.864000000e-01     3.200000000e-01
    -7.656000000e-01     2.800000000e-01
    -6.824000000e-01     1.200000000e-01
    -6.024000000e-01     1.200000000e-01
    -6.072000000e-01     3.600000000e-01
    -6.080000000e-01     4.000000000e-01
    -6.048000000e-01     2.400000000e-01
    -4.440000000e-01     2.000000000e-01
    -6.816000000e-01     8.000000000e-02
    -5.984000000e-01    -8.000000000e-02
    -7.576000000e-01    -1.200000000e-01
    -5.144000000e-01    -2.800000000e-01
    -5.968000000e-01    -1.600000000e-01
    -5.960000000e-01    -2.000000000e-01
    -7.576000000e-01    -1.200000000e-01
    -5.160000000e-01    -2.000000000e-01
    -8.368000000e-01    -1.600000000e-01
    -5.952000000e-01    -2.400000000e-01
    -6.776000000e-01    -1.200000000e-01
    -3.568000000e-01    -1.600000000e-01
    -4.392000000e-01    -4.000000000e-02
    -5.272000000e-01     3.600000000e-01
    -3.640000000e-01     2.000000000e-01
    -2.800000000e-01     0.000000000e+00
    -3.552000000e-01    -2.400000000e-01
    -5.168000000e-01    -1.600000000e-01
    -5.184000000e-01    -8.000000000e-02
    -5.184000000e-01    -8.000000000e-02
    -7.592000000e-01    -4.000000000e-02
    -7.608000000e-01     4.000000000e-02
    -6.808000000e-01     4.000000000e-02
    -6.032000000e-01     1.600000000e-01
    -5.256000000e-01     2.800000000e-01
    -5.200000000e-01     0.000000000e+00
    -3.616000000e-01     8.000000000e-02
    -4.360000000e-01    -2.000000000e-01
    -5.200000000e-01     0.000000000e+00
    -5.160000000e-01    -2.000000000e-01
    -5.968000000e-01    -1.600000000e-01
    -6.752000000e-01    -2.400000000e-01
    -5.928000000e-01    -3.600000000e-01
    -6.688000000e-01    -5.600000000e-01
    -4.344000000e-01    -2.800000000e-01
    -5.920000000e-01    -4.000000000e-01
    -5.936000000e-01    -3.200000000e-01
    -6.752000000e-01    -2.400000000e-01
    -5.944000000e-01    -2.800000000e-01
    -6.768000000e-01    -1.600000000e-01
    -6.744000000e-01    -2.800000000e-01
    -7.544000000e-01    -2.800000000e-01
    -6.000000000e-01     0.000000000e+00
    -5.976000000e-01    -1.200000000e-01
    -5.952000000e-01    -2.400000000e-01
    -6.752000000e-01    -2.400000000e-01
    -6.752000000e-01    -2.400000000e-01
    -8.368000000e-01    -1.600000000e-01
    -5.952000000e-01    -2.400000000e-01
    -6.728000000e-01    -3.600000000e-01
    -5.984000000e-01    -8.000000000e-02
    -6.808000000e-01     4.000000000e-02
    -3.648000000e-01     2.400000000e-01
    -6.856000000e-01     2.800000000e-01
    -6.016000000e-01     8.000000000e-02
    -6.792000000e-01    -4.000000000e-02
    -5.176000000e-01    -1.200000000e-01
    -4.384000000e-01    -8.000000000e-02
    -6.024000000e-01     1.200000000e-01
    -6.792000000e-01    -4.000000000e-02
    -5.160000000e-01    -2.000000000e-01
    -5.176000000e-01    -1.200000000e-01
    -6.008000000e-01     4.000000000e-02
    -6.848000000e-01     2.400000000e-01
    -6.000000000e-01     0.000000000e+00
    -4.384000000e-01    -8.000000000e-02
    -5.192000000e-01    -4.000000000e-02
    -6.824000000e-01     1.200000000e-01
    -6.016000000e-01     8.000000000e-02
    -3.616000000e-01     8.000000000e-02
    -4.384000000e-01    -8.000000000e-02
    -5.992000000e-01    -4.000000000e-02
    -5.960000000e-01    -2.000000000e-01
    -7.544000000e-01    -2.800000000e-01
    -6.744000000e-01    -2.800000000e-01
    -8.360000000e-01    -2.000000000e-01
    -5.944000000e-01    -2.800000000e-01
    -5.992000000e-01    -4.000000000e-02
    -6.032000000e-01     1.600000000e-01
    -4.408000000e-01     4.000000000e-02
    -6.064000000e-01     3.200000000e-01
    -6.872000000e-01     3.600000000e-01
    -6.888000000e-01     4.400000000e-01
    -6.952000000e-01     7.600000000e-01
    -5.272000000e-01     3.600000000e-01
    -2.856000000e-01     2.800000000e-01
    -4.392000000e-01    -4.000000000e-02
    -5.248000000e-01     2.400000000e-01
    -5.256000000e-01     2.800000000e-01
    -6.080000000e-01     4.000000000e-01
    -6.048000000e-01     2.400000000e-01
    -5.248000000e-01     2.400000000e-01
    -4.504000000e-01     5.200000000e-01
    -4.464000000e-01     3.200000000e-01
    -4.400000000e-01     0.000000000e+00
    -5.224000000e-01     1.200000000e-01
    -5.216000000e-01     8.000000000e-02
    -4.464000000e-01     3.200000000e-01
    -4.456000000e-01     2.800000000e-01
    -4.496000000e-01     4.800000000e-01
    -4.456000000e-01     2.800000000e-01
    -5.232000000e-01     1.600000000e-01
    -5.144000000e-01    -2.800000000e-01
    -5.192000000e-01    -4.000000000e-02
    -5.184000000e-01    -8.000000000e-02
    -5.152000000e-01    -2.400000000e-01
    -4.368000000e-01    -1.600000000e-01
    -5.168000000e-01    -1.600000000e-01
    -6.808000000e-01     4.000000000e-02
    -3.632000000e-01     1.600000000e-01
    -6.768000000e-01    -1.600000000e-01
    -6.696000000e-01    -5.200000000e-01
    -5.976000000e-01    -1.200000000e-01
    -7.608000000e-01     4.000000000e-02
    -6.832000000e-01     1.600000000e-01
    -6.808000000e-01     4.000000000e-02
    -6.792000000e-01    -4.000000000e-02
    -5.968000000e-01    -1.600000000e-01
    -6.792000000e-01    -4.000000000e-02
    -6.008000000e-01     4.000000000e-02
    -6.808000000e-01     4.000000000e-02
    -7.568000000e-01    -1.600000000e-01
    -6.792000000e-01    -4.000000000e-02
    -6.768000000e-01    -1.600000000e-01
    -6.000000000e-01     0.000000000e+00
    -6.808000000e-01     4.000000000e-02
    -5.960000000e-01    -2.000000000e-01
    -5.976000000e-01    -1.200000000e-01
    -5.160000000e-01    -2.000000000e-01
    -6.024000000e-01     1.200000000e-01
    -6.040000000e-01     2.000000000e-01
    -6.864000000e-01     3.200000000e-01
    -5.288000000e-01     4.400000000e-01
    -7.736000000e-01     6.800000000e-01
    -6.944000000e-01     7.200000000e-01
    -6.112000000e-01     5.600000000e-01
    -7.712000000e-01     5.600000000e-01
    -6.880000000e-01     4.000000000e-01
    -7.672000000e-01     3.600000000e-01
    -7.656000000e-01     2.800000000e-01
    -6.848000000e-01     2.400000000e-01
    -6.008000000e-01     4.000000000e-02
    -6.832000000e-01     1.600000000e-01
    -6.872000000e-01     3.600000000e-01
    -4.392000000e-01    -4.000000000e-02
    -6.024000000e-01     1.200000000e-01
    -5.264000000e-01     3.200000000e-01
    -4.432000000e-01     1.600000000e-01
    -3.696000000e-01     4.800000000e-01
    -3.640000000e-01     2.000000000e-01
    -5.264000000e-01     3.200000000e-01
    -6.096000000e-01     4.800000000e-01
    -6.080000000e-01     4.000000000e-01
    -6.888000000e-01     4.400000000e-01
    -7.736000000e-01     6.800000000e-01
    -5.320000000e-01     6.000000000e-01
    -5.304000000e-01     5.200000000e-01
    -6.944000000e-01     7.200000000e-01
    -6.080000000e-01     4.000000000e-01
    -5.192000000e-01    -4.000000000e-02
    -5.152000000e-01    -2.400000000e-01
    -5.208000000e-01     4.000000000e-02
    -5.216000000e-01     8.000000000e-02
    -6.744000000e-01    -2.800000000e-01
    -5.984000000e-01    -8.000000000e-02
    -5.992000000e-01    -4.000000000e-02
    -5.224000000e-01     1.200000000e-01
    -5.192000000e-01    -4.000000000e-02
    -3.576000000e-01    -1.200000000e-01
    -5.144000000e-01    -2.800000000e-01
    -5.936000000e-01    -3.200000000e-01
    -5.136000000e-01    -3.200000000e-01
    -5.144000000e-01    -2.800000000e-01
    -5.976000000e-01    -1.200000000e-01
    -5.184000000e-01    -8.000000000e-02
    -5.984000000e-01    -8.000000000e-02
    -4.368000000e-01    -1.600000000e-01
    -3.576000000e-01    -1.200000000e-01
    -4.352000000e-01    -2.400000000e-01
    -5.936000000e-01    -3.200000000e-01
    -4.384000000e-01    -8.000000000e-02
    -4.400000000e-01     0.000000000e+00
    -5.208000000e-01     4.000000000e-02
    -5.208000000e-01     4.000000000e-02
    -6.104000000e-01     5.200000000e-01
    -4.472000000e-01     3.600000000e-01
    -4.448000000e-01     2.400000000e-01
    -4.416000000e-01     8.000000000e-02
    -6.016000000e-01     8.000000000e-02
    -5.992000000e-01    -4.000000000e-02
    -5.136000000e-01    -3.200000000e-01
    -5.160000000e-01    -2.000000000e-01
    -5.160000000e-01    -2.000000000e-01
    -5.176000000e-01    -1.200000000e-01
    -5.192000000e-01    -4.000000000e-02
    -5.968000000e-01    -1.600000000e-01
    -5.160000000e-01    -2.000000000e-01
    -5.992000000e-01    -4.000000000e-02
    -5.232000000e-01     1.600000000e-01
    -2.816000000e-01     8.000000000e-02
    -5.984000000e-01    -8.000000000e-02
    -5.992000000e-01    -4.000000000e-02
    -6.808000000e-01     4.000000000e-02
    -6.768000000e-01    -1.600000000e-01
    -5.952000000e-01    -2.400000000e-01
    -4.432000000e-01     1.600000000e-01
    -5.272000000e-01     3.600000000e-01
    -5.232000000e-01     1.600000000e-01
    -5.192000000e-01    -4.000000000e-02
    -6.032000000e-01     1.600000000e-01
    -5.232000000e-01     1.600000000e-01
    -6.064000000e-01     3.200000000e-01
    -6.824000000e-01     1.200000000e-01
    -6.792000000e-01    -4.000000000e-02
    -6.824000000e-01     1.200000000e-01
    -7.632000000e-01     1.600000000e-01
    -5.240000000e-01     2.000000000e-01
    -6.048000000e-01     2.400000000e-01
    -6.776000000e-01    -1.200000000e-01
    -3.592000000e-01    -4.000000000e-02
    -4.400000000e-01     0.000000000e+00
    -5.976000000e-01    -1.200000000e-01
    -5.928000000e-01    -3.600000000e-01
    -5.944000000e-01    -2.800000000e-01
    -5.120000000e-01    -4.000000000e-01
    -5.160000000e-01    -2.000000000e-01
    -3.560000000e-01    -2.000000000e-01
    -3.576000000e-01    -1.200000000e-01
    -5.184000000e-01    -8.000000000e-02
    -5.224000000e-01     1.200000000e-01
    -4.424000000e-01     1.200000000e-01
    -4.456000000e-01     2.800000000e-01
    -6.072000000e-01     3.600000000e-01
    -8.536000000e-01     6.800000000e-01
    -7.712000000e-01     5.600000000e-01
    -6.920000000e-01     6.000000000e-01
    -6.104000000e-01     5.200000000e-01
    -6.872000000e-01     3.600000000e-01
    -6.856000000e-01     2.800000000e-01
    -7.664000000e-01     3.200000000e-01
    -6.072000000e-01     3.600000000e-01
    -5.240000000e-01     2.000000000e-01
    -4.440000000e-01     2.000000000e-01
    -5.248000000e-01     2.400000000e-01
    -6.128000000e-01     6.400000000e-01
    -6.104000000e-01     5.200000000e-01
    -6.104000000e-01     5.200000000e-01
    -6.080000000e-01     4.000000000e-01
    -6.880000000e-01     4.000000000e-01
    -6.928000000e-01     6.400000000e-01
    -7.728000000e-01     6.400000000e-01
    -6.928000000e-01     6.400000000e-01
    -6.912000000e-01     5.600000000e-01
    -6.920000000e-01     6.000000000e-01
    -6.080000000e-01     4.000000000e-01
    -7.664000000e-01     3.200000000e-01
    -7.656000000e-01     2.800000000e-01
    -7.672000000e-01     3.600000000e-01
    -6.096000000e-01     4.800000000e-01
    -6.880000000e-01     4.000000000e-01
    -7.600000000e-01     0.000000000e+00
    -6.792000000e-01    -4.000000000e-02
    -5.184000000e-01    -8.000000000e-02
