-86.300568           32.377716
-97.740349            30.27467
-112.09696           33.448143
-97.503342           35.492207
-92.288986           34.746613
-93.102211           44.955097
-82.999069           39.961346
-71.063698           42.358162
-76.490936           38.978764
-84.388229           33.749027
-93.603729           41.591087
-84.281296           30.438118
-91.187393           30.457069
-100.34641           44.367031
-90.182106           32.303848
-86.784241            36.16581
-92.172935           38.579201
-100.78332            46.82085
-89.384445           43.074684
-84.875374           38.186722
-78.639099            35.78043
-76.883598           40.264378
-72.580536           44.262436
-74.769913           40.220596
-71.414963           41.830914
-77.43364           37.538857
-75.519722           39.157307
-69.781693           44.307167
-73.757874           42.652843
-81.033211           34.000343
-81.612328           38.336246
-84.555328           42.733635
-72.682198           41.764046
-71.537994           43.206898
-86.162643           39.768623
-104.82024           41.140259
-111.88824           40.777477
-116.19972           43.617775
-122.90501           47.035805
-121.49363           38.576668
-105.93973            35.68224
-123.0304           44.938461
-112.01842           46.585709
-96.699654           40.808075
-134.42021           58.301598
-157.85738           21.307442
-119.76612           39.163914
-104.98486           39.739227
-89.654961           39.798363
-95.677956           39.048191
