1             43.2749
2             42.3615
3             41.5432
4             40.2905
5             38.9492
6             37.4036
7             36.2844
8             35.3315
9             34.3339
10             33.5076
11             32.4618
12             31.6378
13             31.0444
14              30.847
15             29.7873
16             28.7687
17              28.323
18             27.5792
19             26.6482
20             25.6619
21             24.9358
22             24.1258
23             24.4441
24             24.1496
25             23.7729
26             23.4029
27              23.365
28             23.3671
29             23.0984
30              22.749
31             22.8958
32             22.2957
33             22.1614
34             21.9806
35             22.2697
36             21.5433
37             21.7932
38             21.1307
39             20.7235
40             20.1083
41             20.0488
42             19.4576
43               19.73
44             19.9644
45             19.6482
46              19.521
47             19.0125
48             19.5785
49             19.5453
50             19.5224
51             18.8314
52             18.3879
53             18.9755
54             18.6041
55             17.7947
56             17.7172
57             17.9612
58             18.1202
59             18.0159
60             18.1945
61             17.9176
62             17.8781
63             17.4957
64             18.0654
65             17.0328
66             17.1054
67             16.8278
68              17.172
69             17.0617
70             16.9308
71             17.1337
72             15.9552
73              16.263
74             16.3755
75             16.1243
76              16.164
77              16.242
78             15.9604
79             16.2589
80             16.3169
81             16.6479
82             16.6908
83             16.6048
84             16.6926
85             16.1137
86             16.3347
87             15.7155
88             14.9406
89             14.7139
90              15.087
91             15.4587
92             15.0361
93             14.9934
94             15.1832
95             15.3339
96              15.426
97             15.4708
98             15.7775
99             16.1425
100             15.4339
101             15.3814
102             15.0617
103             14.9288
104             14.9674
105             15.2371
106             14.6349
107             14.1793
108             14.8958
109             14.7832
110             15.2893
111             14.9272
112             14.3676
113             14.5712
114             14.2806
115             14.4773
116             14.3946
117             14.5747
118             15.3913
119             15.2132
120             15.7435
121             15.8766
122             15.9178
123             15.8799
124             16.4384
125             15.9683
126             16.2121
127             16.1423
128             16.7035
129             15.2917
130             15.4508
131              14.728
132             14.6211
133             15.3606
134             14.8992
135             15.0288
136             15.5116
137             15.4976
138             15.0837
139             14.8401
140             15.1539
141             15.4701
142             14.7683
143              14.615
144             14.2769
145             13.7723
146             13.5084
147             13.3309
148             12.9984
149             13.1775
150             13.5572
151             14.5588
152             14.5895
153             13.9929
154              14.032
155              13.561
156             13.2307
157             13.7654
158             13.9212
159             13.6892
160             13.2561
161             12.8954
162             13.5924
163             13.6065
164             13.4903
165             13.5818
166             13.0773
167             13.0768
168             12.6978
169             13.1261
170             13.2866
171             13.2438
172             12.7036
173             12.7022
174             12.2083
175             12.0103
176             12.2551
177             12.3038
178             12.9182
179             12.6698
180             13.1457
181             13.4543
182             13.1917
183             13.2554
184             12.7598
185             13.1824
186             13.4155
187             14.2062
188             14.4933
189             13.9335
190             13.6364
191             13.4353
192             13.0684
193             12.9074
194             13.2496
195             13.4009
196             12.8396
197              12.139
198             12.0776
199             12.1932
200             11.9404
201             12.3193
202             11.9383
203             12.1729
204             12.5052
205             13.1502
206             12.8407
207              13.221
208             13.0122
209             12.3699
210             12.1139
211             12.5872
212             12.8415
213             12.7048
214             12.6089
215             12.3374
216             12.7127
217             12.6873
218             12.7032
219             13.3091
220             13.3781
221             12.8332
222              13.441
223             13.7588
224              13.297
225             12.8666
226             12.8925
227             13.0326
228             13.2712
229             13.4234
230             13.5362
231             13.4525
232             13.2655
233             12.9784
234             12.8606
235              12.754
236             12.5286
237             13.1192
238             12.9673
239             12.6808
240             12.8266
241             12.4255
242             12.5874
243             12.3001
244             12.6439
245             12.1583
246             12.7697
247             13.0452
248             12.9355
249             13.0873
250             12.6521
251             12.4538
252             12.6649
253             12.7828
254             13.2001
255             12.7666
256             12.2175
257             12.2049
258              12.589
259             12.5329
260             12.2631
261             12.3759
262             12.2462
263             12.2436
264             12.1498
265             11.9968
266              12.036
267             11.9129
268             12.2346
269             12.5621
270             12.7571
271              11.939
272             12.5914
273             12.2315
274             12.0663
275             12.3408
276             12.1902
277              12.664
278             13.2062
279             13.3133
280              13.326
281             13.0064
282             13.4695
283             12.6696
284             12.5615
285             12.2497
286             12.0733
287             12.1871
288             12.7374
289             12.6237
290             12.9653
291             13.2337
292             13.2822
293             13.3413
294             13.1003
295             12.8504
296             13.3389
297             13.8027
298             13.9495
299             13.5723
300             13.5752
