1             33.8329
2             33.1895
3             31.1757
4             29.6905
5             26.6222
6             26.6222
7             24.3254
8             24.3254
9             23.1471
10             23.1471
11             22.5418
12             22.5418
13             20.1331
14             17.6882
15             17.6882
16             17.6882
17             17.6882
18             17.3744
19             17.1654
20             16.9588
21             16.9073
22             16.9073
23             16.9073
24             16.6703
25             16.2121
26             15.9671
27             15.9671
28             15.9671
29             15.9671
30             15.8035
31             15.8035
32             15.8035
33             15.4667
34             15.5321
35             15.4794
36             14.5534
37             14.5534
38             14.4389
39             14.4389
40             13.9775
41             13.9775
42             12.5982
43             12.5982
44             12.5982
45             12.0223
46             12.0223
47             12.0223
48             11.8457
49             11.8457
50             11.8457
51             11.8123
52             11.7609
53             10.9511
54             10.9511
55             10.9511
56             10.9511
57             10.9495
58             10.8073
59             10.8073
60             10.8073
61             10.8073
62             10.8073
63             10.7169
64             10.7169
65             10.7169
66             10.7169
67             10.7146
68              10.418
69             10.1048
70             10.1048
71             10.1048
72             10.1048
73             10.1048
74             10.0937
75             10.0937
76             10.0937
77             10.0708
78             10.0708
79             10.0708
80             9.87175
81              9.8377
82              9.8377
83              9.8377
84             9.26502
85             9.26502
86             9.26502
87             9.26502
88             9.26502
89             9.03194
90             9.03194
91             9.03194
92             9.03194
93             9.03194
94             9.01016
95             8.95558
96             8.95558
97             8.95558
98             8.95558
99             8.95558
100             8.93381
101             8.93381
102             8.62602
103             8.62602
104             8.62602
105             8.62602
106             8.62602
107             8.62592
108             8.62602
109             8.59198
110             8.59198
111             8.59198
112             8.59198
113             8.59198
114             8.59198
115             8.57019
116             8.57019
117             8.57019
118             8.57019
119             8.57019
120             8.57019
121             8.57019
122             8.57019
123             8.57019
124             8.57019
125             8.57019
126             8.57019
127             8.57019
128             8.57019
129             8.57019
130             8.57019
131             8.57019
132             8.57019
133             8.57019
134             8.57019
135             8.57019
136             8.57019
137             8.57019
138             8.26407
139             8.26407
140             6.25063
141             6.25063
142             6.25063
143             6.25063
144             6.25063
145             6.25063
146             6.25063
147             6.25063
148             6.25063
149             6.25063
150             6.25063
151             6.25063
152             6.25063
153             6.25063
154             6.25063
155             6.25063
156             6.25063
157             6.25063
158             6.25063
159             6.25063
160             6.25063
161             6.25063
162             6.25063
163             6.25063
164             6.25063
165             6.25063
166             6.25063
167             6.25063
168             6.25063
169             6.25063
170             6.25063
171             6.25063
172             6.24306
173             6.24306
174             6.24306
175             6.24306
176             6.24306
177             6.24306
178             6.24306
179             6.24306
180             6.24306
181             6.24306
182             6.24306
183             6.24306
184             6.24306
185             6.24306
186             6.24306
187             6.24306
188             6.24306
189             6.24306
190             6.24306
191             6.24306
192             6.24306
193             6.24306
194             6.24306
195             6.24306
196             6.24306
197             6.24306
198             6.24306
199             6.24306
200             6.24306
201             6.24306
202             6.24306
203             6.24306
204             6.24306
205             6.24306
206             6.24306
207             6.24306
208             6.24306
209             6.24306
210             6.24306
211             6.24306
212             6.24306
213             6.24306
214             6.24306
215             6.24306
216             6.24306
217             6.24306
218             6.24306
219             6.24306
220             6.24306
221             6.24306
222             6.24306
223             6.24306
224             6.24306
225             6.24306
226             6.24306
227             6.24306
228             6.24306
229             6.24306
230             6.24306
231             6.24306
232             6.24306
233             6.24306
234             6.24306
235             6.24306
236             6.24306
237             6.24306
238             6.24306
239             6.24306
240             6.24306
241             6.24306
242             6.24306
243             6.24306
244             6.24306
245             6.24306
246             6.24306
247             6.24306
248             6.24306
249             6.24306
250             6.24306
251             6.24306
252             6.24306
253             6.24306
254             6.24306
255             6.24306
256             6.24306
257             6.24306
258             6.24306
259             6.24306
260             6.24306
261             6.24306
262             6.24306
263             6.24306
264             6.24306
265             6.24306
266             6.24306
267             6.24306
268             6.24306
269             6.24306
270             6.24306
271             6.24306
272             6.24306
273             6.24306
274             6.24306
275             6.24306
276             6.24306
277             6.24306
278             6.24306
279             6.24306
280             6.24306
281             6.24306
282             6.24306
283             6.24306
284             6.24306
285             6.24306
286             6.24306
287             6.24306
288             6.24306
289             6.24306
290             6.24306
291             6.24306
292             6.24306
293             6.24306
294             6.24306
295             6.24306
296             6.24306
297             6.24306
298             6.24306
299             6.24306
300             6.24306
