1             851.523
2             794.044
3             734.792
4             681.818
5             633.151
6             609.965
7             577.469
8             545.518
9              520.15
10             508.884
11             497.855
12             484.317
13             466.639
14             457.455
15             446.718
16             433.792
17             419.561
18             406.721
19             396.372
20             391.192
21             375.897
22              369.65
23             365.184
24             360.049
25             355.132
26             347.772
27             342.711
28             333.896
29             329.761
30             326.809
31             314.784
32             311.909
33             311.909
34              309.24
35             306.592
36             304.323
37             303.838
38             302.227
39             301.741
40             300.493
41             295.996
42             295.325
43             292.769
44              290.78
45             289.409
46             289.409
47             286.051
48             286.051
49             285.885
50             285.885
51             283.867
52             283.867
53             283.867
54             283.867
55             283.867
56             283.808
57             283.808
58             283.808
59             283.808
60             282.639
61             282.639
62             282.639
63             282.594
64             282.594
65             282.461
66             282.461
67             282.088
68             280.445
69             278.657
70             278.657
71              277.96
72              277.96
73             277.915
74             277.915
75             277.915
76             277.915
77             277.915
78             277.915
79             277.915
80             277.915
81              274.07
82              274.07
83              274.07
84              274.07
85              274.07
86              274.07
87              274.07
88              274.07
89              274.07
90              274.07
91              274.07
92             274.009
93             274.009
94             274.009
95             273.328
96             273.328
97              270.63
98              270.63
99              270.63
100              270.63
101              270.63
102              270.63
103              270.63
104              270.63
105              270.63
106              270.63
107              270.63
108              270.63
109              270.63
110              270.63
111              270.63
112              270.63
113              270.63
114              270.63
115              270.63
116              270.63
117              270.63
118              270.63
119              270.63
120              270.63
121              270.63
122              270.63
123              270.63
124              270.63
125              270.63
126              270.63
127              270.63
128              270.63
129              270.63
130              270.63
131              270.63
132              270.63
133              270.63
134              270.63
135              270.63
136              270.63
137              270.63
138              270.63
139              270.63
140              270.63
141              270.63
142              270.63
143              270.63
144              270.63
145              270.63
146              270.63
147              270.63
148              270.63
149              270.63
150              270.63
151              270.63
152              270.63
153              270.63
154              270.63
155              270.63
156              270.63
157              270.63
158              270.63
159              270.63
160              270.63
161              270.63
162              270.63
163              270.63
164              270.63
165              270.63
166              270.63
167              270.63
168              270.63
169              270.63
170              270.63
171              270.63
172              270.63
173              270.63
174              270.63
175              270.63
176              270.63
177              270.63
178              270.63
179              270.63
180              270.63
181              270.63
182              270.63
183              270.63
184              270.63
185              270.63
186              270.63
187              270.63
188              270.63
189              270.63
190              270.63
191              270.63
192              270.63
193              270.63
194              270.63
195              270.63
196              270.63
197              270.63
198              270.63
199              270.63
200              270.63
