1              854.75
2             776.735
3             718.747
4             668.226
5             622.222
6             585.769
7             549.545
8              514.79
9             495.861
10             482.525
11             478.293
12             462.487
13             455.682
14             439.463
15             434.591
16             423.222
17             417.881
18             410.136
19             409.927
20             401.774
21             394.165
22             386.567
23             375.373
24             369.055
25              365.47
26             359.496
27             357.795
28             351.821
29              350.77
30             347.444
31             347.444
32              342.57
33              342.57
34             338.627
35             336.548
36             332.605
37             329.396
38             322.323
39             319.963
40             318.731
41             317.999
42             315.458
43             313.205
44             312.807
45             312.262
46             311.272
47             308.499
48             307.237
49             302.034
50             300.384
51             297.426
52             297.338
53             296.936
54             295.044
55             292.828
56             292.741
57             291.016
58             291.016
59             289.829
60             289.434
61             289.434
62             289.434
63             288.905
64             287.403
65             287.403
66             287.327
67             286.926
68              285.84
69             285.795
70             285.395
71             284.703
72             284.435
73             284.035
74             283.908
75             282.703
76               281.1
77               281.1
78               281.1
79               281.1
80             276.403
81             276.403
82             276.403
83             276.403
84             276.403
85             276.403
86             276.403
87             276.403
88             276.403
89             276.403
90             276.403
91             276.403
92             276.403
93             276.403
94             276.403
95             276.403
96             276.403
97             276.403
98             276.403
99             276.403
100             276.403
101             276.403
102             276.403
103             276.403
104             276.403
105             276.403
106             276.403
107             276.403
108             276.403
109             276.403
110             276.403
111             276.403
112             276.403
113             276.403
114             276.403
115             276.403
116             276.403
117             276.403
118             276.403
119             276.403
120             276.403
121             276.403
122             276.403
123             276.403
124             276.403
125             276.403
126             276.403
127             276.403
128             276.403
129             276.403
130             276.403
131             276.403
132             276.403
133             276.403
134             276.403
135             276.403
136             276.403
137             276.403
138             276.403
139             276.403
140             276.403
141             276.403
142             276.403
143             276.322
144             276.322
145             276.322
146             276.322
147             276.322
148             276.322
149             276.322
150             276.322
151             275.691
152             275.691
153             275.691
154             275.691
155             275.691
156             275.691
157             275.691
158             275.691
159             275.691
160             275.691
161             275.691
162             275.691
163             275.691
164             275.691
165             275.691
166             275.691
167             275.691
168             275.691
169             275.691
170             275.691
171             275.691
172             275.691
173             275.691
174             275.691
175             275.691
176             275.691
177             275.691
178             275.691
179             275.691
180             275.691
181             275.691
182             275.691
183             275.691
184             275.691
185             275.691
186             275.691
187             275.691
188             275.691
189             275.691
190             275.691
191             275.691
192             275.691
193             275.691
194             275.691
195             275.691
196             275.691
197             275.691
198             275.691
199             275.691
200             275.691
