1             1098.97
2              1024.4
3             946.085
4             870.481
5             802.937
6              751.45
7             707.033
8             673.143
9             645.194
10             615.495
11             589.078
12             566.558
13             550.464
14             534.656
15             520.258
16             509.482
17             501.665
18             491.405
19             478.154
20             466.415
21             457.867
22             446.221
23             434.057
24             429.576
25             422.361
26             417.164
27             409.816
28             404.718
29             398.706
30             389.661
31             382.829
32             380.071
33             371.233
34             366.044
35             358.451
36             355.605
37             353.844
38             351.939
39             353.237
40             350.831
41             350.362
42             350.099
43             347.579
44             345.531
45             346.328
46             344.538
47             342.307
48             341.007
49             340.423
50             340.501
51             335.485
52             333.197
53             331.697
54             332.262
55             330.056
56             329.085
57             325.844
58             329.838
59             330.686
60             331.398
61             331.936
62             330.865
63              331.41
64             331.567
65             332.066
66             327.971
67             327.704
68             327.214
69              328.08
70             329.924
71             327.227
72             326.359
73             326.649
74             325.255
75             325.968
76             326.173
77              322.68
78              324.58
79              327.23
80             323.087
81             323.193
82              324.05
83             323.811
84             324.462
85              324.64
86             321.566
87             321.203
88              320.59
89             319.867
90             321.999
91             321.729
92             322.253
93             320.605
94             323.152
95             322.943
96             321.822
97             322.701
98             324.012
99             323.572
100             321.502
101             320.145
102             319.724
103             319.267
104             317.532
105             317.922
106             320.812
107             321.497
108             323.081
109              324.11
110             322.045
111             321.272
112             321.716
113             318.467
114             318.716
115              319.17
116             319.555
117             317.547
118             315.849
119              318.38
120             316.224
121             319.467
122             318.675
123             314.497
124             315.954
125             314.768
126             315.404
127             316.033
128             318.799
129             319.164
130             317.805
131             317.423
132             317.047
133              316.58
134             317.182
135             317.093
136             318.296
137               317.4
138             315.818
139             318.134
140              319.64
141             318.556
142             319.351
143             319.427
144             317.464
145             315.439
146             317.758
147             318.302
148             318.623
149             319.128
150             318.898
151              317.89
152             317.757
153             317.243
154             317.386
155             314.929
156             318.155
157             317.032
158              316.05
159             317.507
160             318.326
161             317.431
162             316.354
163             314.603
164             315.713
165             317.024
166             316.707
167             317.709
168             319.424
169             319.437
170             318.618
171              316.43
172             319.245
173             321.067
174             318.777
175             317.069
176             316.636
177             317.737
178             317.269
179             318.002
180             318.305
181             318.024
182             317.547
183             316.001
184             315.067
185             315.478
186             315.723
187             317.724
188             314.879
189             316.498
190             317.364
191             318.275
192             318.683
193             317.844
194             318.563
195              316.46
196             317.883
197             318.231
198             318.521
199             316.395
200             315.967
