1             1112.34
2             1032.09
3             946.887
4             867.952
5             805.467
6             757.332
7             723.455
8             692.562
9             669.956
10             646.738
11             624.669
12              606.99
13              588.57
14             570.879
15             548.505
16             531.133
17             519.872
18              508.81
19             500.241
20             485.529
21              471.73
22             460.419
23             449.706
24             443.041
25             436.977
26             431.828
27             423.835
28             413.992
29             406.578
30             396.577
31             391.677
32             388.078
33             385.785
34             381.749
35             376.999
36             374.058
37             370.197
38             369.052
39             366.781
40             363.917
41             364.021
42             359.902
43             357.673
44             352.905
45             349.902
46             347.038
47             345.312
48             343.929
49             341.561
50              340.34
51             337.592
52             339.204
53             337.623
54             338.694
55             336.143
56             335.832
57             332.724
58             329.998
59             330.387
60             331.038
61             329.981
62             329.283
63             331.564
64             330.426
65             329.919
66             331.279
67             329.314
68             327.914
69             326.517
70             324.981
71               325.3
72             326.013
73             327.418
74             326.829
75             326.302
76             324.514
77             324.065
78             322.457
79             322.171
80             323.438
81              323.18
82             323.384
83             322.482
84             325.491
85              325.72
86             326.479
87             325.279
88             322.693
89             325.721
90             324.889
91             323.596
92             326.513
93             323.367
94             324.354
95             324.449
96             323.727
97             324.313
98              324.64
99             323.877
100             325.393
101             326.634
102             324.496
103             324.545
104             323.496
105              321.72
106             322.877
107             323.662
108             322.452
109             321.433
110              323.98
111             323.159
112             322.098
113              323.89
114             324.213
115             322.382
116             323.248
117             320.962
118             320.969
119             319.822
120             321.063
121             321.702
122             324.565
123             323.543
124             322.592
125             322.574
126             324.889
127             322.119
128             324.606
129              325.07
130             324.603
131             323.643
132              322.93
133             322.852
134             320.344
135               324.2
136             321.288
137              320.56
138             321.404
139             324.215
140             323.472
141             323.545
142             324.149
143             325.055
144             322.036
145             323.446
146             323.265
147             323.826
148             322.753
149             321.483
150             320.161
151             320.709
152             319.756
153             319.916
154             320.023
155             321.708
156             325.493
157             323.093
158             322.248
159             322.262
160             322.611
161             322.747
162             323.145
163             323.759
164             321.341
165             320.914
166             320.708
167             322.624
168             320.959
169             321.092
170             322.691
171             322.472
172             324.408
173             324.435
174             324.499
175             324.622
176             323.181
177             322.615
178             321.701
179             322.016
180             324.328
181             324.779
182             324.418
183             323.179
184             321.722
185             323.954
186             322.917
187             322.153
188             321.879
189             319.273
190             320.145
191             324.369
192             322.304
193             323.717
194             324.267
195             322.609
196             324.165
197             322.372
198              324.33
199             324.031
200             320.961
