1             1109.45
2             1026.55
3             946.676
4             873.261
5             805.443
6             749.197
7             700.781
8             657.532
9             621.428
10             590.479
11             563.965
12              546.18
13             533.245
14             520.466
15              511.66
16             499.823
17             486.603
18             477.734
19             468.671
20             461.775
21             457.709
22             452.234
23             445.206
24             437.859
25             428.842
26             421.105
27             415.512
28             412.058
29              407.91
30              403.22
31             403.505
32              398.87
33             395.516
34               391.5
35             386.726
36             386.369
37             382.993
38             380.603
39             376.837
40             374.518
41             373.451
42             368.083
43             369.334
44              367.82
45             365.664
46             362.794
47             361.434
48             361.076
49             362.772
50             358.606
51             357.789
52             357.314
53             355.874
54             353.473
55              351.56
56             346.577
57              344.46
58             342.313
59             341.854
60             338.525
61             340.522
62             339.134
63             339.414
64             338.106
65             340.652
66             341.206
67             341.491
68             339.061
69             338.143
70             337.927
71             335.198
72             337.084
73             336.801
74              335.43
75             336.834
76             335.965
77             333.067
78             329.907
79             330.592
80             330.357
81             329.811
82             328.618
83             325.945
84             324.562
85             325.457
86             321.812
87             323.375
88             321.737
89             322.775
90             325.153
91             329.999
92             330.771
93             331.573
94             325.766
95             323.576
96             323.528
97             324.495
98              323.25
99             323.792
100             324.159
101             323.279
102             323.811
103             322.698
104             322.607
105             323.366
106             322.985
107               324.1
108             323.305
109             322.927
110             323.427
111             321.779
112              322.25
113             321.875
114             322.965
115             321.142
116             322.566
117             321.864
118             322.006
119             319.013
120             320.994
121             322.801
122             322.489
123             322.368
124             322.544
125             320.824
126             322.336
127             322.115
128             325.004
129             323.156
130             321.266
131             321.265
132             323.108
133              321.76
134             321.267
135             321.288
136             322.442
137              321.49
138             320.655
139             321.101
140             321.351
141             320.382
142             321.938
143             321.884
144             324.194
145             324.983
146             323.836
147             322.889
148              324.73
149              322.28
150              323.54
151             320.951
152             323.753
153             323.405
154             321.831
155             321.587
156             321.092
157             322.318
158              321.99
159             322.984
160             321.733
161             323.661
162             324.242
163             323.246
164             324.255
165             322.072
166             323.152
167              323.09
168             322.941
169             323.267
170             324.173
171             322.921
172             323.437
173             324.659
174             326.354
175             328.573
176             326.717
177             327.715
178             326.624
179             322.806
180             320.578
181              321.55
182              325.21
183             321.007
184             320.826
185             322.299
186             322.869
187             324.516
188             322.835
189             323.325
190             322.146
191             322.167
192             322.644
193             319.661
194             321.105
195             320.191
196             320.342
197             321.421
198              322.91
199              323.36
200             320.332
