1             1113.07
2             1033.41
3             951.945
4             888.442
5             839.942
6             801.702
7             768.719
8             732.647
9             701.071
10             674.757
11             647.247
12             623.584
13             601.232
14             584.566
15             574.261
16             558.822
17             546.072
18             537.248
19             528.042
20             518.001
21             505.574
22             491.071
23             481.179
24             474.222
25             470.114
26             460.398
27             451.861
28             444.498
29             440.637
30             437.257
31             431.025
32             423.036
33             417.164
34             407.802
35             396.919
36             388.803
37             383.784
38             382.516
39             377.827
40             372.066
41             371.769
42             366.544
43             365.588
44             364.534
45               361.4
46             358.316
47             359.428
48             361.556
49             358.213
50             359.846
51             356.197
52             355.584
53             354.138
54             353.314
55             350.454
56             347.937
57             345.974
58             344.777
59             341.931
60             340.259
61              341.94
62              342.94
63             341.641
64             340.764
65             339.652
66             338.665
67             337.409
68             338.317
69              336.53
70             338.923
71             339.659
72             337.411
73             337.939
74             337.094
75             336.062
76             336.365
77             335.361
78             332.252
79             331.881
80              331.85
81             330.336
82             328.129
83             328.602
84             326.914
85             326.796
86             326.579
87             325.445
88             326.402
89             326.733
90             324.925
91             322.362
92             320.434
93             322.812
94             321.205
95             320.935
96             319.104
97             320.608
98             319.223
99              321.14
100              322.05
101              320.99
102             321.579
103             320.382
104             320.289
105             321.346
106             322.899
107             322.488
108             319.821
109             319.884
110             319.778
111             321.744
112             319.588
113             318.201
114             319.437
115              318.76
116             319.074
117             322.249
118             319.994
119             317.573
120             317.865
121             320.389
122             319.224
123             319.439
124             318.843
125             318.275
126             319.366
127             318.659
128             321.206
129             320.701
130             317.741
131             322.043
132             319.862
133             319.419
134             319.967
135             319.176
136             318.557
137             317.546
138             317.684
139             320.767
140             318.705
141             317.027
142             319.793
143              319.17
144             321.041
145             318.092
146             320.721
147             320.216
148             320.011
149             319.152
150             319.916
151             318.051
152             317.772
153             318.259
154             317.736
155             319.107
156             318.364
157              319.44
158              319.63
159             316.827
160              316.54
161             318.215
162             318.904
163             318.235
164             320.399
165             320.022
166             320.491
167             318.132
168             318.033
169             317.641
170             317.026
171             316.635
172             317.116
173             316.827
174             318.232
175             318.843
176             317.562
177             320.836
178             325.281
179             324.667
180             324.743
181             321.735
182             318.436
183             317.715
184             316.484
185             317.838
186             316.104
187             319.247
188              319.18
189             318.512
190             320.347
191             321.042
192             317.654
193             317.675
194             318.272
195             318.555
196             317.298
197              316.91
198             317.449
199             317.411
200             317.768
