1             827.984
2             773.053
3             723.571
4             696.472
5             653.194
6             626.352
7             608.379
8             582.997
9             553.287
10             546.125
11             527.534
12             496.432
13             481.572
14             469.771
15             462.802
16             446.148
17             438.013
18             414.951
19             409.658
20             406.771
21             394.453
22             387.277
23             384.008
24             375.761
25             365.595
26             362.198
27             347.366
28             347.366
29             345.856
30             344.805
31              338.29
32             334.615
33             331.079
34             324.385
35             322.875
36             322.875
37              320.44
38             318.272
39             315.152
40              308.76
41              308.76
42             306.641
43             302.369
44              297.13
45              297.13
46             293.825
47             293.825
48             291.483
49             290.871
50              290.78
51             289.918
52             289.215
53             288.025
54             287.618
55             286.127
56             284.767
57             284.767
58             284.523
59             284.523
60             284.157
61             284.112
62             281.483
63             281.438
64             281.438
65             281.438
66             281.438
67             281.415
68             281.415
69             281.415
70             281.415
71             279.482
72             279.482
73             279.482
74             279.482
75             279.482
76             279.482
77             279.482
78             279.482
79             279.482
80             279.482
81             279.482
82             279.482
83             279.482
84             279.482
85             279.482
86             279.482
87             279.482
88             279.482
89             279.482
90             279.482
91             279.482
92             279.482
93             279.482
94             279.482
95             279.482
96             279.482
97             279.482
98             279.195
99             279.195
100             279.195
101             277.134
102             277.134
103             277.134
104             277.134
105             277.134
106             277.134
107             277.134
108             277.134
109             276.929
110             276.363
111             276.363
112             276.363
113             276.363
114             276.363
115             276.363
116             276.363
117             276.363
118             276.363
119             276.363
120             276.363
121             276.363
122             276.363
123             276.363
124             276.363
125             276.363
126             276.363
127             276.363
128             276.363
129             276.363
130             276.363
131             276.363
132             276.363
133             276.363
134             276.363
135             276.363
136             276.363
137             276.363
138             276.363
139             276.363
140             276.363
141             276.363
142             276.363
143             276.363
144             276.363
145             276.363
146             276.363
147             276.363
148             276.363
149             276.363
150             276.363
151             276.363
152             276.363
153             276.363
154             276.363
155             276.363
156             276.363
157             276.363
158             276.363
159             276.363
160             276.363
161             276.363
162             276.363
163             276.363
164             276.363
165             276.363
166             276.363
167             276.363
168             276.363
169             276.363
170             276.363
171             276.363
172             276.363
173             276.363
174             276.363
175             276.363
176             276.363
177             276.363
178             276.363
179             276.363
180             276.363
181             276.363
182             276.363
183             276.363
184             276.363
185             276.363
186             276.363
187             276.363
188             276.363
189             276.363
190             276.363
191             276.363
192             276.363
193             276.363
194             276.363
195             276.363
196             276.363
197             276.363
198             276.363
199             276.363
200             276.363
