1             844.292
2             821.079
3              779.39
4             746.886
5             714.059
6             674.999
7             642.992
8             615.944
9             585.787
10             564.649
11             548.028
12             533.258
13             513.045
14             505.488
15             491.965
16             483.794
17             469.321
18             463.457
19             453.956
20              428.57
21             424.248
22             421.058
23             413.619
24             405.571
25             393.671
26             392.378
27             385.496
28             381.284
29             372.493
30             370.371
31             360.319
32             341.054
33             339.459
34             336.746
35             335.089
36             332.137
37             328.502
38             323.831
39             320.369
40             317.792
41             317.265
42             314.815
43             313.181
44             311.945
45             310.311
46             309.074
47             308.226
48             303.963
49              303.65
50              303.65
51             300.855
52             298.454
53             295.768
54             295.699
55             294.661
56             294.661
57             293.097
58             291.722
59             291.722
60             291.026
61             291.026
62             290.648
63             290.648
64             290.648
65             290.648
66             290.056
67             289.774
68             289.608
69             289.163
70             288.998
71             288.864
72                 288
73             287.834
74             287.834
75             286.612
76             285.635
77             284.114
78             283.948
79             280.309
80             280.144
81             280.144
82              279.35
83              279.35
84              279.35
85              279.35
86              279.35
87              279.35
88             275.579
89             272.763
90             272.763
91             272.763
92             272.763
93             272.763
94             272.763
95             272.763
96             272.763
97             272.763
98             272.763
99             272.763
100             272.763
101             272.763
102              272.68
103              272.68
104              272.68
105              272.68
106              272.68
107              272.68
108              272.68
109              272.68
110             271.566
111             271.566
112             271.566
113             271.566
114             271.566
115             271.566
116             271.566
117             271.566
118             271.566
119             271.566
120             271.566
121             271.566
122             271.566
123             271.566
124             271.566
125             271.566
126             271.566
127             271.566
128             271.566
129             271.566
130             271.566
131             271.566
132             271.566
133             271.566
134             271.566
135             271.566
136             271.566
137             271.566
138             271.566
139             271.566
140             271.566
141             271.566
142             271.566
143             271.566
144             271.566
145             271.566
146             271.566
147             271.566
148             271.566
149             271.566
150             271.566
151             271.566
152             271.566
153             271.566
154             271.566
155             271.566
156             271.566
157             271.566
158             271.566
159             271.566
160             271.566
161             271.566
162             271.566
163             271.566
164             271.566
165             271.566
166             271.566
167             271.566
168             271.566
169             271.566
170             271.566
171             271.566
172             271.566
173             271.566
174             271.566
175             271.566
176             271.566
177             271.566
178             271.566
179             271.566
180             271.566
181             271.566
182             271.566
183             271.566
184             271.566
185             271.566
186             271.566
187             271.566
188             271.566
189             271.566
190             271.566
191             271.566
192             271.566
193             271.566
194             271.566
195             271.566
196             271.566
197             271.566
198             271.566
199             271.566
200             271.566
