1             18.5654
2             17.8733
3             17.1257
4             16.4376
5             15.7455
6              15.072
7             14.5563
8             13.8881
9             13.3188
10             12.9362
11             12.5857
12             12.2936
13             11.9485
14              11.747
15             11.4655
16             11.2587
17             10.9604
18              10.848
19             10.5958
20             10.3807
21             10.0582
22             9.86482
23             9.61155
24             9.30765
25             9.02281
26             8.90533
27             8.79019
28             8.69211
29              8.5683
30              8.5017
31             8.40907
32             8.21052
33             8.28254
34             8.19461
35             8.15917
36             8.08519
37             7.97275
38             7.91933
39             7.92855
40             7.81482
41             7.74714
42             7.62485
43             7.66107
44             7.57307
45             7.47712
46             7.35949
47             7.40124
48               7.306
49             7.34256
50             7.38449
51             7.36902
52             7.23555
53             7.21094
54             7.16184
55             7.22244
56             7.24849
57             7.11662
58             7.07727
59             7.09093
60              7.0906
61              7.0789
62             7.13114
63             7.14717
64             7.12125
65             7.17848
66             7.11828
67             7.01296
68             6.94275
69             6.82371
70             6.85125
71             6.84607
72             6.92527
73             6.87866
74             6.82404
75             6.83865
76             6.95138
77             6.89542
78              6.9137
79             7.05077
80             7.18289
81             7.27363
82             7.19228
83             7.14693
84             7.13207
85             7.19034
86             7.29505
87             7.22865
88             7.15304
89             6.97259
90             6.98949
91             6.97199
92             6.92578
93             6.78139
94             6.80613
95             6.82555
96             6.92248
97             6.75768
98             6.73455
99             6.89786
100             6.91238
101             6.86275
102             6.88242
103             6.79864
104             6.87142
105             6.94551
106              6.8788
107             6.99664
108             6.91622
109             6.89916
110             6.98133
111             6.87917
112             6.79312
113             6.84983
114             6.88969
115              6.8889
116             6.95937
117             7.00274
118             6.88831
119             6.82945
120             6.76777
121             6.78837
122             6.83914
123             6.73599
124             6.79903
125              6.7501
126              6.7714
127              6.7772
128             6.73306
129             6.75245
130             6.78514
131             6.74857
132             6.75834
133              6.6902
134             6.71794
135             6.77865
136             6.83892
137             6.89258
138              6.8122
139             6.83158
140             6.89792
141             6.93978
142             6.90414
143             6.93176
144             6.84993
145             6.84664
146             6.89995
147             6.80737
148             6.91425
149             6.94314
150             6.83885
151             6.89428
152             6.94342
153             6.93185
154             6.83194
155              6.8387
156             6.86664
157             6.87596
158             6.98012
159             6.87956
160             6.77189
161             6.86093
162             6.82916
163             6.89221
164               6.892
165             6.98336
166             6.88389
167             6.92705
168             6.76985
169             6.83656
170             6.94761
171             6.87374
172             6.85045
173             6.88635
174             6.80276
175             6.80571
176             6.89778
177             6.91805
178             6.83009
179             6.81936
180             6.76758
181             6.76931
182             6.78107
183             6.93733
184             6.89469
185             6.87311
186             6.85143
187             6.78199
188             6.88256
189             6.97587
190             7.08316
191             7.07015
192             6.97902
193             6.96633
194             6.91946
195             6.94066
196             6.88205
197             6.91853
198             6.93044
199             6.76876
200             6.73367
201             6.75202
202             6.71383
203             6.73569
204             6.81406
205             6.88382
206             6.81093
207             6.86637
208             7.00022
209             6.94821
210             6.94088
211             6.84152
212                6.84
213             6.86851
214             6.86114
215             6.86151
216             6.94586
217             6.87997
218             6.94418
219              6.9555
220             6.95783
221             6.88721
222             6.85809
223             6.92896
224             6.97356
225             6.91702
226             6.86611
227             7.00269
228             7.16666
229             7.03468
230              6.9567
231             6.93188
232             6.91453
233             6.91404
234             6.89781
235             6.88912
236             6.78794
237             6.75316
238             6.90971
239             6.69482
240             6.74097
241             6.66899
242             6.77178
243             6.80086
244             6.81569
245              6.7518
246             6.81483
247             6.88521
248             6.82849
249             6.84629
250             6.75182
251             6.83897
252             6.82718
253             6.77448
254              6.8092
255             6.77298
256             6.86385
257              6.7557
258             6.83987
259             6.93057
260             6.85508
261             6.71543
262             6.68734
263             6.78388
264             6.70648
265             6.77203
266             6.74106
267             6.80096
268             6.83637
269             6.80396
270             6.78384
271             6.91399
272             6.86588
273             6.84313
274             6.85571
275             6.85601
276             6.75484
277             6.72427
278             6.77686
279             6.85805
280              6.8205
281             6.91301
282             6.97802
283             6.84291
284             6.87626
285             6.80534
286             6.95675
287             7.01437
288             6.81746
289             6.83964
290             6.95119
291             6.94539
292              6.8419
293             6.78768
294             6.81442
295             6.87887
296             6.97334
297             6.88658
298             6.88544
299             6.85102
300             6.82921
