1             14.8582
2             13.4912
3             13.4058
4             12.4582
5             12.4385
6              11.034
7             10.8917
8             10.5184
9             10.2094
10             9.99815
11             9.51773
12             9.46935
13             9.13083
14             8.99986
15             8.80855
16             8.40289
17             8.40289
18             8.40289
19             8.08343
20             7.25892
21             7.25892
22             7.24867
23             6.97985
24              6.9696
25               6.876
26             6.51522
27               6.488
28             6.46313
29             6.33316
30             6.33316
31             6.32274
32             6.32274
33              6.3211
34              6.3107
35             6.21514
36             6.15832
37             6.15669
38             5.93218
39             5.93218
40             5.93054
41             5.82458
42             5.82458
43             5.82295
44              5.7943
45              5.7943
46              5.7943
47             5.66009
48             5.66009
49             5.58835
50             5.58835
51             5.58835
52             5.50943
53             5.40904
54             5.32089
55             5.32089
56             5.32089
57                5.32
58             5.22533
59             5.22533
60             5.22533
61             5.22533
62             5.21709
63             5.21709
64             5.21709
65             5.21709
66             5.21709
67              5.2162
68              5.2162
69              5.2162
70              5.2162
71              5.2162
72              5.2162
73              5.2162
74              5.2162
75              5.2162
76              5.2162
77              5.2162
78              5.2162
79              5.2162
80              5.2162
81              5.2162
82              5.2162
83             5.20237
84             5.20237
85             5.20237
86             5.12101
87             5.12101
88             5.12101
89             5.12101
90             5.12101
91             5.12101
92             5.12101
93             5.12101
94             5.12101
95             5.12101
96             5.12101
97             5.12101
98             5.12101
99             5.12101
100             5.12101
101             5.12101
102             5.12101
103             5.12101
104             5.12101
105             5.12101
106             5.12101
107             5.12101
108             5.12101
109             5.12101
110             5.12101
111             5.12101
112             5.12101
113             5.12101
114             5.12101
115             5.12101
116             5.12101
117             5.12101
118             5.12101
119             5.12101
120             5.12101
121             5.12101
122             5.12101
123             5.12101
124             5.12101
125             5.12101
126             5.12101
127             5.12101
128             5.12101
129             5.12101
130             5.12101
131             5.12101
132             5.12101
133             5.12101
134             5.12101
135             5.12101
136             5.12101
137             5.12101
138             5.12101
139             5.12101
140             5.12101
141             5.12101
142             5.12101
143             5.12101
144             5.12101
145             5.12101
146             5.12101
147             5.12101
148             5.12101
149             5.12101
150             5.12101
151             5.12101
152             5.12101
153             5.12101
154             5.12101
155             5.12101
156             5.12101
157             5.12101
158             5.12101
159             5.12101
160             5.12101
161             5.12101
162             5.12101
163             5.12101
164             5.12101
165             5.12101
166             5.12101
167             5.12101
168             5.12101
169             5.12101
170             5.12101
171             5.12101
172             5.12101
173             5.12101
174             5.12101
175             5.12101
176             5.12101
177             5.12101
178             5.12101
179             5.12101
180             5.12101
181             5.12101
182             5.12101
183             5.12101
184             5.12101
185             5.12101
186             5.12101
187             5.12101
188             5.12101
189             5.12101
190             5.12101
191             5.12101
192             5.12101
193             5.12101
194             5.12101
195             5.12101
196             5.12101
197             5.12101
198             5.12101
199             5.12101
200             5.12101
201             5.12101
202             5.12101
203             5.12101
204             5.12101
205             5.12101
206             5.12101
207             5.12101
208             5.12101
209             5.12101
210             5.12101
211             5.12101
212             5.12101
213             5.12101
214             5.12101
215             5.12101
216             5.12101
217             5.12101
218             5.12101
219             5.12101
220             5.12101
221             5.12101
222             5.12101
223             5.12101
224             5.12101
225             5.12101
226             5.12101
227             5.12101
228             5.12101
229             5.12101
230             5.12101
231             5.12101
232             5.12101
233             5.12101
234             5.12101
235             5.12101
236             5.12101
237             5.12101
238             5.12101
239             5.12101
240             5.12101
241             5.12101
242             5.12101
243             5.12101
244             5.12101
245             5.12101
246             5.12101
247             5.12101
248             5.12101
249             5.12101
250             5.12101
251             5.12101
252             5.12101
253             5.12101
254             5.12101
255             5.12101
256             5.12101
257             5.12101
258             5.12101
259             5.12101
260             5.12101
261             5.12101
262             5.12101
263             5.12101
264             5.12101
265             5.12101
266             5.12101
267             5.12101
268             5.12101
269             5.12101
270             5.12101
271             5.12101
272             5.12101
273             5.12101
274             5.12101
275             5.12101
276             5.12101
277             5.12101
278             5.12101
279             5.12101
280             5.12101
281             5.12101
282             5.12101
283             5.12101
284             5.12101
285             5.12101
286             5.12101
287             5.12101
288             5.12101
289             5.12101
290             5.06561
291             5.06561
292             5.06561
293             5.06561
294             5.06561
295             5.06561
296             5.06561
297             5.06561
298             5.06561
299             5.06561
300             5.06561
