1             32.3045
2             30.5177
3             29.9133
4             28.7248
5             28.3956
6              27.542
7              25.238
8              25.006
9             23.7979
10             22.5119
11             22.5119
12             22.3539
13             20.9559
14             20.9559
15             20.3907
16             19.4173
17             19.1161
18             19.1161
19             19.1161
20             17.5008
21             17.3887
22             17.3862
23             16.1933
24             14.6859
25             14.6859
26             14.6374
27             14.2445
28             14.2445
29             14.2445
30             13.8732
31             13.3445
32             13.1049
33             13.1049
34             12.8613
35             12.2102
36             12.2102
37             11.9862
38             11.9862
39             11.9455
40             11.8094
41             11.6247
42             11.5446
43             11.4007
44             11.4007
45             11.4007
46             11.4007
47             11.2238
48             11.2238
49             11.2228
50             11.2228
51             11.2198
52             11.2198
53              11.218
54             11.1641
55             11.1641
56             11.1641
57             11.0569
58             11.0569
59             11.0569
60             11.0569
61             10.8122
62             10.8122
63             10.8122
64             10.8122
65             10.6942
66             10.6942
67              10.694
68             10.6887
69             10.6887
70             10.6831
71             10.6831
72             10.6831
73             10.6831
74             10.6831
75             10.6831
76             10.6831
77             10.6649
78             10.6649
79             10.6649
80             10.5884
81             10.5884
82             10.5884
83             10.5884
84             10.5884
85             10.5876
86             10.5876
87             10.5363
88             10.5363
89             10.5363
90             10.3803
91             10.3715
92             10.3715
93             10.3715
94             10.3715
95             10.3715
96             10.3715
97             10.3715
98             10.3664
99             10.3664
100             10.3664
101             10.3664
102             10.3664
103             10.3664
104             10.3664
105             8.77988
106             8.77988
107             8.77988
108             8.77968
109             8.77968
110             8.77968
111             8.43728
112             8.43728
113             8.43728
114             8.43728
115             8.43728
116             8.10899
117             7.56765
118              7.5661
119              7.5661
120             7.54806
121             7.54806
122             7.54806
123             7.54806
124             7.44454
125             7.44454
126             7.44454
127             7.44454
128             7.44454
129             7.44454
130             7.44454
131             7.44454
132             7.44454
133             7.44454
134             7.44454
135             7.44454
136             7.44454
137             7.44454
138             7.44454
139             7.42276
140             7.42276
141             7.42276
142             7.42276
143             7.42276
144             7.42276
145             7.42276
146             7.42276
147             7.42276
148             7.42276
149             7.42276
150             7.42276
151             7.42276
152             7.42276
153             7.41413
154             7.41413
155             7.41413
156             7.41413
157             7.41413
158             7.41413
159             7.41413
160             7.41413
161             7.09502
162             7.09502
163             7.07755
164             7.07755
165             6.25063
166             6.25063
167             6.25063
168             6.25063
169             6.24306
170             6.24306
171             6.24306
172             6.24306
173             6.24306
174             6.24306
175             6.24306
176             6.24306
177             6.24306
178             6.24306
179             6.24306
180             6.24306
181             6.24306
182             6.24306
183             6.24306
184             6.24306
185             6.24306
186             6.24306
187             6.24306
188             6.24306
189             6.24306
190             6.24306
191             6.24306
192             6.24306
193             6.24306
194             6.24306
195             6.24306
196             6.24306
197             6.24306
198             6.24306
199             6.24306
200             6.24306
201             6.24306
202             6.24306
203             6.24306
204             6.24306
205             6.24306
206             6.24306
207             6.24306
208             6.24306
209             6.24306
210             6.24306
211             6.24306
212             6.24306
213             6.24306
214             6.24306
215             6.24306
216             6.24306
217             6.24306
218             6.24306
219             6.24306
220             6.24306
221             6.24306
222             6.24306
223             6.24306
224             6.24306
225             6.24306
226             6.24306
227             6.24306
228             6.24306
229             6.24306
230             6.24306
231             6.24306
232             6.24306
233             6.24306
234             6.24306
235             6.24306
236             6.24306
237             6.24306
238             6.24306
239             6.24306
240             6.24306
241             6.24306
242             6.24306
243             6.24306
244             6.24306
245             6.24306
246             6.24306
247             6.24306
248             6.24306
249             6.24306
250             6.24306
251             6.24306
252             6.24306
253             6.24306
254             6.24306
255             6.24306
256             6.24306
257             6.24306
258             6.24306
259             6.24306
260             6.24306
261             6.24306
262             6.24306
263             6.24306
264             6.24306
265             6.24306
266             6.24306
267             6.24306
268             6.24306
269             6.24306
270             6.24306
271             6.24306
272             6.24306
273             6.24306
274             6.24306
275             6.24306
276             6.24306
277             6.24306
278             6.24306
279             6.24306
280             6.24306
281             6.24306
282             6.24306
283             6.24306
284             6.24306
285             6.24306
286             6.24306
287             6.24306
288             6.24306
289             6.24306
290             6.24306
291             6.24306
292             6.24306
293             6.24306
294             6.24306
295             6.24306
296             6.24306
297             6.24306
298             6.24306
299             6.24306
300             6.24306
