1             43.1213
2             41.8814
3             40.8759
4             39.5556
5             38.5997
6             37.6837
7             36.4579
8             35.6194
9             34.6534
10             33.7882
11             32.5507
12             31.7876
13              30.997
14             30.4921
15             30.0564
16             29.3816
17             29.1395
18             28.8418
19             28.0189
20             27.5977
21              26.991
22             26.4888
23             26.2914
24             25.8413
25             25.1128
26             24.4283
27             24.0484
28             23.6881
29             23.4004
30             22.8664
31             22.5919
32             22.6305
33             22.2265
34             22.1805
35             22.3447
36             22.2716
37             22.0738
38             21.4279
39             21.0204
40             20.9352
41             20.6837
42             19.9209
43             19.2161
44             19.4332
45             19.2922
46             19.0989
47             18.9762
48             18.8639
49             18.6663
50             18.4846
51             18.0662
52              17.956
53             18.0895
54             18.0039
55             18.2514
56             18.2964
57             18.0693
58             17.8384
59             17.7438
60             17.8423
61             17.9974
62             17.6354
63             17.7262
64             17.6613
65             17.6686
66             17.6565
67             17.7543
68             17.8642
69             17.8004
70             17.7737
71             17.6137
72             17.5548
73             17.7114
74             17.7117
75             17.9053
76             17.4603
77             17.5299
78               17.31
79             17.1016
80             17.2685
81             17.1204
82             17.2191
83             17.5969
84             17.6301
85             17.5345
86             17.6093
87             17.5915
88             17.7765
89             17.5689
90             17.2685
91             17.2849
92             17.1736
93             17.2981
94             17.3574
95             17.3641
96             17.0678
97             17.0244
98             16.8391
99             16.8413
100             16.9211
101              16.965
102             16.8077
103             16.6805
104             16.5214
105              16.579
106             16.4495
107             16.3922
108             16.4126
109             16.5736
110             16.7348
111             16.7081
112             16.2804
113             15.9288
114             16.0608
115             16.3886
116             16.1593
117              15.979
118             16.0452
119             15.8051
120             15.6738
121             15.3869
122             15.5387
123             15.4141
124             15.1065
125             15.1063
126             15.4245
127              15.222
128             15.2631
129              15.106
130             14.8424
131             14.5307
132             14.5127
133             14.2603
134              13.909
135             14.1576
136             14.1507
137             14.0354
138             14.1877
139             14.3236
140             14.3622
141             14.5484
142              14.096
143             13.7589
144             14.0985
145             14.4819
146             14.3397
147              14.095
148             13.9521
149             13.9004
150             14.1129
151             14.0361
152              14.166
153             13.9852
154             13.6878
155             13.8572
156             14.0791
157             14.2707
158             14.1695
159             14.1621
160             14.3251
161             14.1965
162             13.7357
163             13.7109
164              13.819
165              13.716
166             13.5511
167             13.4164
168             13.4669
169             13.4259
170             13.4572
171             13.5628
172             13.3582
173             13.3749
174             13.2597
175             13.1706
176             13.0527
177             13.0335
178              12.888
179             12.7935
180             12.7189
181             12.9323
182             12.8322
183             12.8191
184             12.5944
185             13.0613
186              13.049
187             13.2517
188             13.2608
189             13.3053
190             13.2844
191             13.0946
192             13.1942
193             12.8877
194              13.192
195              13.401
196             13.4151
197             13.1417
198             13.1878
199              13.073
200              12.948
201             13.0358
202              12.813
203             12.8353
204             12.8556
205             12.8692
206             13.2753
207             13.1058
208             13.7758
209             13.7824
210             13.6571
211             13.5324
212             13.5133
213             13.6465
214             13.7797
215             13.8155
216             14.3665
217             14.7216
218             14.5651
219             14.2591
220             14.5215
221             14.8159
222             14.6611
223             14.4729
224             14.1465
225             14.0261
226               14.11
227             13.8409
228             13.5745
229             13.5315
230             13.5166
231             13.4472
232             13.3673
233             13.6453
234             13.1447
235             13.1842
236             13.6005
237             13.4059
238             13.5696
239             13.5463
240             13.7335
241              13.444
242             13.6186
243             13.2959
244              12.947
245              12.885
246             12.7423
247             12.8136
248             13.0269
249             12.9014
250             12.8454
251             12.7835
252             12.9974
253             13.0367
254             13.0675
255             13.0119
256             13.2407
257             13.3798
258             13.1833
259             13.4665
260             13.4292
261             13.2826
262             13.2556
263             13.4389
264               13.73
265             13.7119
266             13.3028
267             12.9942
268             12.8274
269             13.0092
270             12.8972
271             12.8534
272             12.7389
273             12.7842
274             12.8602
275             13.1419
276             12.9755
277             13.2188
278             12.8833
279             12.6558
280             12.6095
281             12.2329
282              12.655
283             12.7076
284             12.5159
285             12.7629
286             12.5586
287             12.5938
288             12.2953
289             12.5536
290             12.5769
291             12.7353
292             12.6826
293             12.5671
294             12.5103
295             12.6203
296             12.8517
297             12.4653
298             12.6704
299             13.1128
300             13.0131
