1             14.6848
2              13.538
3               12.65
4             12.0353
5             11.3352
6             10.1282
7             9.37652
8             9.07501
9             8.83629
10             8.32977
11             8.09337
12             7.88435
13             7.63045
14             7.26788
15             7.26251
16             6.87079
17             6.65916
18             6.55823
19             6.46807
20             6.44598
21             6.24996
22             6.22787
23              6.0737
24             6.06292
25             6.00637
26             5.95069
27              5.9015
28             5.88397
29             5.71758
30             5.71758
31             5.68345
32             5.63798
33             5.57195
34             5.52032
35             5.41873
36             5.31318
37             5.19381
38             5.18777
39             5.14462
40             5.12079
41             5.12079
42             5.12079
43             5.12079
44             5.12079
45             5.12079
46             5.12079
47             5.12079
48             5.12079
49             5.12079
50             5.12079
51             5.12079
52             5.12079
53             5.12079
54             5.12079
55             5.12079
56             5.12079
57             5.12079
58             5.12079
59             5.12079
60             5.12079
61             5.12079
62             5.12079
63             5.12079
64             5.12079
65             5.12079
66             5.12079
67             5.12079
68             5.12079
69             5.12079
70             5.12079
71             5.12079
72             5.12079
73             5.12079
74             5.12079
75             5.12079
76             5.12079
77             5.12079
78             5.12079
79             5.12079
80             5.12079
81             5.12079
82             5.12079
83             5.12079
84             5.12079
85             5.12079
86             5.12079
87             5.12079
88             5.12079
89             5.12079
90             5.12079
91             5.12079
92             5.12079
93             5.12079
94             5.12079
95             5.12079
96             5.12079
97             5.12079
98             5.12079
99             5.12079
100             5.12079
101             5.12079
102             5.12079
103             5.12079
104             5.12079
105             5.12079
106             5.12079
107             5.12079
108             5.12079
109             5.12079
110             5.12079
111             5.12079
112             5.12079
113             5.12079
114             5.12079
115             5.12079
116             5.12079
117             5.12079
118             5.12079
119             5.12079
120             5.12079
121             5.12079
122             5.12079
123             5.12079
124             5.12079
125             5.12079
126             5.12079
127             5.12079
128             5.12079
129             5.12079
130             5.12079
131             5.12079
132             5.12079
133             5.12079
134             5.12079
135             5.12079
136             5.12079
137             5.12079
138             5.12079
139             5.12079
140             5.12079
141             5.12079
142             5.12079
143             5.12079
144             5.12079
145             5.12079
146             5.12079
147             5.12079
148             5.12079
149             5.12079
150             5.12079
151             5.12079
152             5.12079
153             5.12079
154             5.12079
155             5.12079
156             5.12079
157             5.12079
158             5.12079
159             5.12079
160             5.12079
161             5.12079
162             5.12079
163             5.12079
164             5.12079
165             5.12079
166             5.12079
167             5.12079
168             5.12079
169             5.12079
170             5.12079
171             5.12079
172             5.12079
173             5.12079
174             5.12079
175             5.12079
176             5.12079
177             5.12079
178             5.12079
179             5.12079
180             5.12079
181             5.12079
182             5.12079
183             5.12079
184             5.12079
185             5.12079
186             5.12079
187             5.12079
188             5.12079
189             5.12079
190             5.12079
191             5.12079
192             5.12079
193             5.12079
194             5.12079
195             5.12079
196             5.12079
197             5.12079
198             5.12079
199             5.12079
200             5.12079
201             5.12079
202             5.12079
203             5.12079
204             5.12079
205             5.12079
206             5.12079
207             5.12079
208             5.12079
209             5.12079
210             5.12079
211             5.12079
212             5.12079
213             5.12079
214             5.12079
215             5.12079
216             5.12079
217             5.12079
218             5.12079
219             5.12079
220             5.12079
221             5.12079
222             5.12079
223             5.12079
224             5.12079
225             5.12079
226             5.12079
227             5.12079
228             5.12079
229             5.12079
230             5.12079
231             5.12079
232             5.12079
233             5.12079
234             5.12079
235             5.12079
236             5.12079
237             5.12079
238             5.12079
239             5.12079
240             5.12079
241             5.12079
242             5.12079
243             5.12079
244             5.12079
245             5.12079
246             5.12079
247             5.12079
248             5.12079
249             5.12079
250             5.12079
251             5.12079
252             5.12079
253             5.12079
254             5.12079
255             5.12079
256             5.12079
257             5.12079
258             5.12079
259             5.12079
260             5.12079
261             5.12079
262             5.12079
263             5.12079
264             5.12079
265             5.12079
266             5.12079
267             5.12079
268             5.12079
269             5.12079
270             5.12079
271             5.12079
272             5.12079
273             5.12079
274             5.12079
275             5.12079
276             5.12079
277             5.12079
278             5.12079
279             5.12079
280             5.12079
281             5.12079
282             5.12079
283             5.12079
284             5.12079
285             5.12079
286             5.12079
287             5.12079
288             5.12079
289             5.12079
290             5.12079
291             5.12079
292             5.12079
293             5.12079
294             5.12079
295             5.12079
296             5.12079
297             5.12079
298             5.12079
299             5.12079
300             5.12079
