1             18.7638
2             17.2883
3             15.8751
4             14.8287
5             14.0009
6             13.2045
7             12.4073
8             11.4292
9             10.7128
10             10.2804
11             9.93592
12             9.59462
13             9.27492
14             9.05025
15             8.74294
16             8.43866
17             8.24024
18             8.01996
19             7.91919
20             7.74342
21             7.68086
22             7.52916
23             7.43291
24             7.36624
25             7.27647
26             7.15323
27             7.08372
28             6.99573
29             6.95635
30             6.95222
31             6.86078
32             6.85846
33             6.76239
34             6.76576
35             6.65753
36             6.65299
37             6.51376
38             6.40953
39             6.40795
40              6.3544
41             6.22741
42             6.17119
43              6.1461
44             6.18996
45             6.14651
46             6.18802
47              6.1632
48             6.19138
49             6.19942
50             6.21397
51             6.21941
52             6.19419
53             6.18371
54             6.20608
55             6.13671
56              6.1258
57             6.13109
58             6.12727
59             6.14012
60             6.12516
61             6.16231
62             6.16286
63             6.16545
64             6.17073
65             6.14815
66             6.16984
67             6.15478
68             6.17761
69             6.14917
70             6.16044
71             6.16331
72             6.21506
73             6.20536
74             6.18599
75             6.21471
76             6.15464
77             6.16338
78             6.16608
79             6.20731
80              6.1358
81             6.18167
82             6.14543
83             6.11682
84             6.16738
85             6.14668
86             6.13043
87             6.16683
88             6.16177
89             6.17613
90             6.22419
91             6.26162
92             6.18151
93             6.18229
94             6.20033
95             6.20714
96             6.17186
97             6.12736
98             6.16623
99             6.15853
100             6.16895
101             6.17241
102              6.1625
103             6.13276
104             6.17893
105             6.20169
106             6.17844
107             6.14677
108             6.16013
109             6.19657
110             6.26525
111             6.14338
112             6.14741
113             6.16324
114             6.13979
115              6.1623
116             6.08566
117             6.12667
118             6.12653
119             6.16651
120             6.11122
121             6.11206
122             6.16648
123             6.16612
124             6.14782
125             6.16799
126             6.11269
127             6.08334
128             6.11761
129             6.11528
130             6.16469
131             6.14161
132             6.16916
133             6.14755
134              6.1124
135             6.11907
136             6.12808
137             6.13231
138             6.16637
139             6.22123
140             6.15041
141             6.13389
142             6.09891
143             6.09279
144              6.1785
145             6.13868
146             6.15852
147             6.16506
148             6.24399
149             6.20642
150             6.13385
151             6.17222
152             6.15779
153             6.14865
154             6.14541
155              6.1295
156             6.16401
157             6.16093
158             6.15295
159              6.1072
160             6.12112
161             6.18634
162             6.14209
163             6.14148
164              6.1585
165             6.18871
166             6.16283
167             6.20492
168             6.12424
169             6.18638
170             6.14104
171             6.15874
172              6.1153
173               6.178
174             6.15525
175             6.22725
176             6.18025
177             6.14784
178             6.17499
179             6.19155
180             6.22802
181             6.21303
182              6.1977
183             6.16622
184             6.19304
185             6.15742
186             6.17212
187             6.17266
188             6.12361
189             6.14702
190             6.15075
191             6.16768
192             6.15075
193             6.22022
194              6.2552
195             6.17608
196             6.17353
197             6.15839
198             6.18073
199             6.26414
200             6.21774
201             6.13902
202             6.16485
203             6.19112
204             6.21516
205              6.1805
206             6.16762
207             6.23487
208             6.20718
209             6.21529
210             6.18846
211             6.09987
212             6.13602
213             6.18097
214               6.137
215             6.13037
216             6.14299
217             6.16353
218             6.22279
219             6.18682
220             6.19236
221             6.19097
222             6.18367
223             6.21825
224             6.23908
225             6.20706
226             6.11643
227             6.16877
228             6.19942
229             6.19481
230             6.23012
231             6.19733
232             6.20607
233             6.15354
234             6.12603
235             6.13574
236             6.12006
237              6.1095
238             6.14709
239             6.17327
240             6.13556
241             6.15276
242             6.13817
243             6.16381
244             6.27364
245             6.22706
246              6.1858
247              6.1601
248             6.16295
249             6.14718
250             6.17223
251             6.23522
252             6.19903
253             6.17571
254              6.2053
255              6.2049
256             6.12332
257             6.16401
258             6.13238
259             6.09634
260             6.16011
261             6.20312
262             6.14309
263              6.1389
264             6.15352
265             6.15924
266             6.20155
267             6.16526
268             6.15926
269             6.22745
270             6.19799
271             6.18777
272             6.21358
273             6.21944
274             6.18305
275             6.15844
276             6.21333
277             6.16974
278             6.13843
279             6.15871
280              6.2114
281              6.2181
282             6.25043
283             6.15909
284              6.2343
285             6.13822
286             6.14153
287             6.16739
288              6.2227
289             6.21828
290             6.17574
291             6.12264
292             6.11807
293             6.15103
294             6.10526
295             6.08435
296              6.1711
297             6.27436
298             6.21542
299             6.21241
300              6.2028
