72.4
106.6
81.4
87
107.2
90.4
122.4
94
106.4
124
91.6
96.4
102.2
113
106.6
100.4
114.4
96.2
136.8
92.4
97
96.8
84.8
79.4
100.6
101.6
114
98.2
85.4
111.8
101.6
98.4
101.4
108
101.6
72.8
113.2
71.8
90.2
86
97.8
103.2
99.4
97.4
139.2
88.8
95.8
111.2
68.6
103.2
95.2
85.4
96.2
100.2
121.4
102
126.6
136.8
107.6
93.6
115.6
111.6
86.4
93.8
112.6
109.2
84.6
72.2
118.2
99.2
88.6
103.8
112
94.2
94.4
117
99.2
91.8
95.4
129.6
117.2
119.8
92.2
92.4
92.4
144.8
116.8
106.8
86
97
114.6
95
94
106.6
97
98
87.4
116.6
84.4
92.4
100.6
80
89
88
104.2
73
97.2
83.6
95.4
91.8
91.8
93.2
128
92.2
83.4
118.6
78.8
113.6
78.2
98.8
87.6
88.4
86.6
101.4
100.6
102.2
74.2
131.6
113.4
112.4
82.6
95
90.8
118.6
76.8
91
97
73.2
86.2
84.6
89.4
89.4
134
104.8
115.2
113.4
97.8
103.4
82.4
92
96
113.2
119
111.8
104.6
75.8
113.2
104.6
82.8
106.4
79.6
72
109.8
88.8
94.6
115
103
84.8
96.4
108
90.4
86.2
80
95.6
92.4
98
81.4
116.4
98.2
102
120.6
88.4
81.6
104.4
77.6
89.4
98.4
113.6
93.6
84.4
89.2
117.8
121.6
106.2
101.8
111
88.8
113.4
78.4
81.6
111.6
86.2
116.4
84.2
93.6
93.6
103.2
97.8
74.8
90.2
93.8
126.8
101.4
119.2
75.6
108.6
105.8
116.6
97.8
89.6
142.4
90.8
106
128.2
115.4
106.4
101.6
104.2
86.8
91.6
99.6
109.8
89.2
82.2
86.8
115.4
84.8
125.2
73.2
106
102.8
116.4
91.8
89.6
87.4
73.4
99.8
120.2
116.2
99.4
107.4
101
97.4
103.8
121.4
116.6
107.4
98.6
96.2
107.4
89
114.2
97
90.2
99.6
120
115.4
100.2
92
95
80.6
84.8
103.4
95.4
86
104.2
86.4
108.4
98.8
105.6
95.6
93.8
72.4
106.2
81.6
76.8
85.8
82.2
105.8
83.2
101.6
98
101.8
86.2
109.2
73.4
117.8
114.6
115.2
96.2
73.4
88.6
75.4
98
93.2
77
86.6
103.8
97.6
121.8
124
84.6
106.4
95.8
91.4
85.8
109
100
85.8
104.2
99.2
80.6
62.4
97.4
105.8
88.8
126
93.6
97.6
102.8
97.2
103.2
90
116
108.2
90.6
101
118.2
139.8
113.4
82.6
96.6
91
107.6
104.2
97.6
98
114.6
120.8
132.8
91.8
88.8
122.8
82.6
106
87
82.6
79
96
91.2
88.4
81.2
95.4
85
87.6
85.8
98
84.2
109.4
91.6
90.8
115.8
125.2
115.8
90.6
80.2
110.6
100.2
92.6
110
106.6
99.4
97
96.2
112.6
99
93.4
93.2
84.8
87
109.6
90.8
104.6
91.4
74.6
110.2
110.2
95.8
103
68.4
95.8
114
97.4
105
90.6
119.4
102
88.6
92.6
97.8
77
141.4
90.6
117.8
96
88.8
106.6
69.6
80.4
73.8
126.6
105.8
100
79.2
86.4
102.4
93.2
100.8
93.4
77.2
116.6
136.2
84.4
112
82.4
111
106.8
111.8
94.6
96.2
88
80.6
111.6
88.6
82.8
120
109.6
113
104.4
119.6
104.2
98.6
101.4
99.8
107.4
105.2
123
96
108.2
89.8
99.2
101.8
114.4
97.6
93
99.4
85.6
116
105.6
116.8
106.8
118.8
90.8
108
92.8
98.2
116.6
73.8
84
93
123.8
106.8
103.2
81
117.8
96.6
120
86.8
104
90
99
94
137.6
90
109
86.2
113.6
83
101.8
121
83.4
102.8
82.2
99.2
74.6
118
98
105
83.2
87.2
100.8
115.8
89.6
77.8
84.2
113.8
84.8
111.6
85
98.8
120.6
105.4
101.4
94
113.2
93.8
129.6
119.4
82.2
102.2
104.8
103
113
128.6
92
103.2
94.6
96.2
98.2
111.2
107.4
91.4
103
96.6
104.6
97.2
104
87.6
82.6
104.4
90
79.6
113.4
109.6
121.4
77.6
90.6
106.2
146.2
96.4
110.2
90.6
103.2
94.4
86.8
87.6
96.6
76.2
85.8
83
77
91.2
92.4
107.8
107.8
86
98.2
99.4
83.6
97.4
95.8
129.6
91.6
101
72
104
111
104.6
104.4
118.8
94.4
109.8
94.2
108
90
94.4
107.2
134.8
115.4
115.2
104.8
128.6
95.6
110.8
98.6
104.4
110.6
116.4
134.8
68.6
80.2
89.6
103.8
104.4
76.4
72.2
105.2
88.8
89.6
88.4
68.8
118
92.8
108.2
96
101
118.4
83.8
67.4
106.6
84.6
93.8
106.8
119.4
62.8
97.4
91.2
112
111.4
85.8
94.2
92.6
67.6
89.4
96.6
100.4
104.8
100.6
128.2
99.6
101.2
92.4
108.4
100.6
96
87.2
85
97
97.8
77.4
101.4
91.4
95.2
133.8
108.2
92.4
100
103.2
91.6
134.2
110.4
121.8
91.4
135.2
94.2
89.6
102.2
88.8
97
71.6
81.4
88.6
77
91
82.8
112.8
88.4
83.8
117.4
86.6
115.4
77.4
107.8
97.8
75.8
109.2
103.2
101.6
95.6
98
76
95.8
98.6
84
91.6
93.2
122.2
111
91
83.2
108.6
113.8
71.8
81.2
90.2
104.8
90
108.4
96.6
90.8
86.4
97.6
83.6
106
107
119.2
94
113.6
114
82.8
124.8
73.6
79.4
118.2
123.2
103.4
107.2
111.6
106.8
92
84.2
81
102.2
83.2
107.2
117
81.6
70.8
98.8
92.8
93.6
109.6
84.8
105.8
81.4
91.8
92.2
97.2
121.4
101.2
88
89.6
103.4
87.4
86.8
104.6
76.2
85.8
87
96.4
136.2
119.2
94.6
92.2
88.8
112.8
103.6
100.8
117
97
102.6
93.2
107.6
80
116
130.2
91.4
89.8
97.8
101.8
82.8
106.2
113.2
92.4
107.8
94.2
107.4
98.4
79.2
111.6
76
109.4
89.4
91.6
90.4
106.2
88
92.8
108.4
85.8
112.8
117.4
106.2
105.6
113
99.2
106.6
115.4
108.4
86.6
81.8
82
103.6
103
74.6
101.4
79
76.6
101.8
103
88.4
104.8
94.4
95
115
92.2
73.8
106.4
125.4
91
101.6
87
107.4
111.6
98.8
105.4
101.6
101.2
105.2
91.4
102.8
93.4
93.8
97.2
89.6
122.4
92.6
116
89.4
108.4
86
104.8
99.2
94
129.8
119.2
87
89.6
85.6
111
99.8
113
107
103.8
69
111
89
74.8
97
84.2
92.4
108.2
127.4
91.2
86.4
96.6
108.6
101.2
118.4
105.6
85.2
114.8
88.2
101
100.8
104
90.4
106.2
87
76.6
87.6
121.6
94.2
99.8
88.8
108.8
96.8
90.2
111.6
94.8
123.8
99.2
90
81.8
75
93.8
85.2
98.6
133.4
109
99.6
99
78
109.6
92.6
107.6
96
117.2
98.8
136
77.2
73.4
100.8
90
98.2
84.6
123
94.6
99.8
103.8
94.2
106.6
102.8
88.4
108
97
107.6
103
78.6
76.2
104.2
97.8
79.6
91.6
117.6
79.6
70.8
88.2
107.2
70.6
124.6
94.2
120.4
99.6
111.4
74.6
101
113.8
114.8
86.8
90.2
99.4
97
115
124.4
110.2
92
96.8
101.4
94.6
97
103
111.4
79.6
99.8
104.4
93.4
99.8
76.2
88.2
96.2
92.8
90.8
107.8
100
89.6
116
104.6
96.8
100.8
