1.44097                   0
1.47169           0.0307172
1.46059            0.020921
1.48118           0.0253576
1.48764           0.0206743
1.5062           0.0250929
1.50102           0.0218311
1.49692           0.0193453
1.49344           0.0174131
1.50011           0.0169448
1.49898           0.0153689
1.50385           0.0148507
1.5006           0.0140405
1.4996           0.0130381
1.50526           0.0133935
1.50489           0.0125338
1.50349           0.0118565
1.50192           0.0112886
1.5028           0.0107139
1.50192           0.0102015
1.50171          0.00970594
1.4968           0.0104728
1.49401            0.010389
1.49463          0.00996586
1.49472          0.00955931
1.49161          0.00969722
1.49231          0.00935737
1.48975          0.00937256
1.485           0.0102135
1.48417          0.00990201
1.48299          0.00965065
1.48566          0.00971954
1.4883          0.00978236
1.48892          0.00951075
1.48891          0.00923502
1.4881          0.00901164
1.48701          0.00883242
1.48508          0.00880978
1.48507          0.00858093
1.48509          0.00836369
1.48552          0.00816857
1.48463          0.00802194
1.48493          0.00783883
1.48329          0.00783205
1.48438          0.00773363
1.48376          0.00758883
1.48484          0.00750415
1.48503          0.00734851
1.48578          0.00723596
1.48618          0.00710118
1.48614          0.00696067
1.48816          0.00711903
1.48762          0.00700436
1.48774          0.00687442
1.48769          0.00674843
1.48891          0.00673657
1.49224          0.00740998
1.49192          0.00728796
1.49147          0.00717788
1.49138          0.00705773
1.49331           0.0072027
1.49341          0.00708625
1.49346          0.00697304
1.49352          0.00686351
1.49349          0.00675714
1.4948          0.00678199
1.49532          0.00670027
1.49579          0.00661745
1.49545          0.00652972
1.49619          0.00647848
1.49644           0.0063913
1.49806          0.00650813
1.49749          0.00644433
1.49749          0.00635664
1.49693          0.00629591
1.49628          0.00624673
1.49647          0.00616788
1.49736          0.00615389
1.49783          0.00609356
1.49757          0.00602276
1.49684          0.00599219
1.49679          0.00591885
1.49638          0.00586193
1.49661          0.00579632
1.49569          0.00580054
1.49583          0.00573441
1.4957          0.00566956
1.49596          0.00561051
1.49554          0.00556238
1.49547           0.0055007
1.49739          0.00576756
1.49704          0.00571535
1.49564          0.00582297
1.49667          0.00585239
1.49642          0.00579601
1.49702          0.00576611
1.49743          0.00572116
1.49764          0.00566642
1.49769          0.00560915
1.49754           0.0055548
1.49819          0.00553703
1.49846          0.00548914
1.49836           0.0054364
1.4984          0.00538402
1.49816          0.00533819
1.49791          0.00529306
1.4989          0.00533591
1.49873           0.0052892
1.49849          0.00524602
1.49798          0.00522282
1.49819          0.00517998
1.49849          0.00514239
1.49782          0.00514174
1.49741          0.00511276
1.49757          0.00507074
1.49778          0.00503133
1.49713          0.00503094
1.49726          0.00498975
1.49772          0.00496928
1.49757          0.00493003
1.49778          0.00489395
1.49744           0.0048662
1.49785           0.0048444
1.49848          0.00484626
1.49825          0.00481303
1.4981          0.00477685
1.49758          0.00476816
1.49738            0.004735
1.49793          0.00473092
1.4974          0.00472437
1.49807          0.00473612
1.49818          0.00470131
1.49768          0.00469269
1.49793          0.00466431
1.4974           0.0046605
1.49729          0.00462741
1.49742          0.00459545
1.49734          0.00456276
1.49739          0.00453016
1.49748          0.00449862
1.49718          0.00447728
1.49736          0.00444962
1.49686          0.00444742
1.49696          0.00441777
1.49739           0.0044077
1.49772          0.00438954
1.49847          0.00442405
1.49756          0.00448735
1.49803          0.00448162
1.49766          0.00446629
1.49787          0.00444127
1.49787          0.00441196
1.49799          0.00438464
1.4977           0.0043661
1.49725          0.00436048
1.49716          0.00433344
1.49704          0.00430728
1.4967          0.00429397
1.49649          0.00427194
1.49722          0.00430824
1.49723           0.0042814
1.49701           0.0042605
1.49641          0.00427587
1.49656          0.00425225
1.49642           0.0042285
1.49636          0.00420345
1.49632          0.00417839
1.49699          0.00420648
1.49724          0.00418894
1.49721          0.00416433
1.49739           0.0041441
1.49699          0.00413905
1.49654          0.00413981
1.49644          0.00411719
1.49604          0.00411281
1.49612          0.00409001
1.49607          0.00406706
1.49617          0.00404526
1.49619          0.00402267
1.49575          0.00402496
1.49585          0.00400386
1.49549          0.00399773
1.49532          0.00397935
1.49523          0.00395877
1.4954          0.00394111
1.49533          0.00392051
1.49476          0.00394051
1.49508          0.00393192
1.49482           0.0039197
1.49503          0.00390481
1.49528          0.00389227
1.49523          0.00387223
1.49551          0.00386245
1.49516          0.00385878
1.49484          0.00385234
1.49482          0.00383268
1.4952          0.00383175
1.49518          0.00381238
1.49493          0.00380174
1.49493          0.00378269
