5.23308                   0
5.07837            0.154709
5.04024           0.0971198
5.06323           0.0724201
5.0774           0.0578588
5.10119           0.0528952
5.11139           0.0458527
5.10574           0.0401103
5.08314            0.041977
5.08218           0.0375575
5.0646           0.0382534
5.04513           0.0399802
5.05829           0.0390614
5.03787           0.0415312
5.06327            0.046258
5.07042           0.0438569
5.05915           0.0427097
5.05554           0.0404282
5.05629           0.0382484
5.05328           0.0364098
5.04874           0.0349287
5.04433           0.0335947
5.03888           0.0325603
5.03965           0.0311838
5.0308           0.0311915
5.02634           0.0302987
5.02264           0.0293892
5.0174           0.0288008
5.0169           0.0277943
5.02399           0.0277713
5.02046           0.0270915
5.02121            0.026242
5.01798           0.0256384
5.01915           0.0249002
5.02532           0.0249532
5.0206            0.024704
5.02092           0.0240291
5.0248           0.0237083
5.02494           0.0230928
5.02114           0.0228266
5.01876           0.0223891
5.02288           0.0222338
5.02621           0.0219644
5.02485           0.0215021
5.02468           0.0210196
5.02641           0.0206303
5.02196           0.0206696
5.01586            0.021134
5.01373           0.0208083
5.01531            0.020449
5.01816           0.0202464
5.01461           0.0201692
5.01827           0.0201214
5.01666           0.0198107
5.01308           0.0197738
5.01105           0.0195234
5.00929           0.0192585
5.00691           0.0190726
5.00516            0.018828
5.00619           0.0185404
5.00479            0.018288
5.0063           0.0180543
5.01034            0.018218
5.00856           0.0180195
5.01129           0.0179488
5.00782           0.0180111
5.00619            0.017815
5.00463           0.0176207
5.00588           0.0174086
5.00748           0.0172327
5.00554           0.0170983
5.00521           0.0168624
5.00239           0.0168675
5.00118           0.0166822
4.99779           0.0168042
4.99345           0.0171399
4.99545           0.0170337
4.99507           0.0168181
4.99508           0.0166039
4.99633           0.0164425
4.99476           0.0163134
4.99419           0.0161235
4.99551           0.0159832
4.99469           0.0158131
4.99349           0.0156721
4.99333           0.0154897
4.9945           0.0153552
4.99549           0.0152119
4.99646           0.0150717
5.00036           0.0154044
4.99867            0.015328
5.00128           0.0153841
5.0015           0.0152193
4.9995           0.0151891
4.99854            0.015059
5.00013           0.0149865
4.99999           0.0148318
5.00029           0.0146828
4.9993           0.0145677
4.99877           0.0144308
4.99607           0.0145407
4.99716           0.0144383
4.99791           0.0143171
4.99933           0.0142506
5.0024            0.014444
5.00167           0.0143259
5.00167           0.0141914
5.00315           0.0141365
5.00139            0.014116
5.00166           0.0139896
5.00203           0.0138681
5.00405           0.0138904
5.00366           0.0137723
5.00478           0.0136964
5.00401           0.0135984
5.00431            0.013484
5.00428           0.0133683
5.00371           0.0132666
5.00604           0.0133592
5.00493           0.0132942
5.00151           0.0136198
5.00445            0.013824
5.00352           0.0137426
5.00425           0.0136509
5.00226           0.0136868
5.003           0.0135976
5.00367           0.0135068
5.00387           0.0134024
5.00592           0.0134554
5.00631           0.0133573
5.00731           0.0132925
5.00641           0.0132222
5.006           0.0131288
5.00675           0.0130522
5.00683           0.0129554
5.00626           0.0128727
5.00722           0.0128144
5.00997           0.0130157
5.00709           0.0132399
5.00706            0.013145
5.00927           0.0132381
5.00743           0.0132736
5.00923            0.013304
5.01066           0.0132875
5.01073           0.0131957
5.01187           0.0131553
5.0108           0.0131098
5.01013           0.0130382
5.01121           0.0129956
5.01128           0.0129089
5.01054           0.0128446
5.00984           0.0127788
5.01176           0.0128385
5.01203           0.0127578
5.01238           0.0126798
5.01019           0.0127868
5.01222           0.0128672
5.01257           0.0127901
5.01214           0.0127167
5.01283            0.012656
5.01198           0.0126057
5.01136           0.0125431
5.01091           0.0124741
5.01064           0.0124006
5.01207           0.0124072
5.01266           0.0123465
5.01202           0.0122893
5.01198            0.012216
5.01424           0.0123521
5.01522           0.0123182
5.01565           0.0122534
5.01511           0.0121938
5.01596           0.0121528
5.01652           0.0120957
5.01532           0.0120855
5.01708            0.012145
5.01665            0.012084
5.01555           0.0120658
5.01516           0.0120045
5.01459           0.0119512
5.01551           0.0119205
5.01535           0.0118559
5.01591           0.0118042
5.01634           0.0117475
5.01703           0.0117044
5.01682           0.0116432
5.01734           0.0115924
5.01732           0.0115306
5.01817           0.0115013
5.01803           0.0114414
5.01687           0.0114412
5.01666           0.0113834
5.01607           0.0113395
5.01558           0.0112914
5.01593           0.0112386
5.01595           0.0111812
5.01561           0.0111296
5.01473            0.011108
5.01531            0.011067
5.0157           0.0110185
