4.70142             3.53553
2.90584             3.53553
2.90584             3.53553
1.61819             3.53553
3.42327             5.23774
3.42327             5.96066
4.36581             6.02045
5.69152             6.07255
4.77256             6.83085
4.77256             6.83085
5.60914             6.83085
6.73939             6.83085
6.73939             6.83085
4.84675             6.83085
4.84675             4.51963
4.84675             4.80554
5.54727             5.06990
4.96012             2.43647
5.21056             4.84021
5.21056             6.77039
6.43827             6.33827
6.43827             6.33827
4.48079             6.33827
4.90515             4.88252
5.23106             5.68257
6.09751             5.68257
6.09751             3.30174
7.40952             3.30174
9.16561             2.20222
7.25791             3.54226
7.25791             0.59369
7.25791             0.59369
7.25791             0.59369
6.63047             3.41504
6.43090             3.72409
6.43090             3.70701
5.22646             3.70701
3.79886             2.19552
3.18798             2.19552
3.18798             2.19552
3.18798             2.19552
4.43696             2.19552
5.42526             2.19552
5.42526             2.19552
5.42526             2.19552
3.93655             2.50075
3.93655             2.50075
3.93655             2.50075
5.23074             4.82918
6.91951             4.82918
6.91951             5.03879
5.93545             5.96919
5.93545             5.96919
5.93545             4.94189
5.93545             3.47695
7.39536             4.88767
7.39536             6.43417
7.39536             4.83016
8.99321             4.83016
7.86649             4.83016
7.86649             7.43298
7.86649             8.23281
7.42953             8.23281
5.41527             9.13643
4.78089             9.13643
7.16333             8.09401
7.16333             8.34438
7.16333             8.34438
7.16333             6.62707
5.79147             4.50844
5.79147             6.67201
6.38341             5.07424
5.82083             5.07424
5.82083             5.56057
5.82083             6.31041
5.82083             6.31041
5.82083             6.31041
5.82083             6.31041
4.53436             6.31041
3.10271             6.81517
2.44751             7.32053
3.27985             5.42528
3.27985             4.96805
4.57866             4.96805
4.57866             4.96805
4.57866             4.96805
4.57866             4.96805
4.14160             4.96805
3.15264             4.96805
3.15264             4.96805
3.15264             6.00515
3.15264             6.34410
3.15264             5.71095
5.23381             6.18659
4.79440             6.41415
4.79440             5.18799
6.58447             6.27503
8.24186             5.82892
8.24186             5.82892
9.87439             5.82892
9.87439             4.02858
10.52486             4.02858
9.73508             4.02858
9.73508             4.02858
9.73508             2.13017
11.59279             2.92090
10.29541             2.92090
8.96900             2.92090
7.69430             2.92090
9.01575             2.92090
10.69654             2.92090
11.26518             2.92090
14.12362             2.92090
14.12362             3.77310
14.51923             3.77310
15.52963             3.77310
14.47727             3.77310
15.10878             3.77310
13.46831             1.75883
12.77262             1.75883
12.23725             4.44034
11.54101             4.44034
11.63747             4.81898
11.21699             3.54471
11.21699             3.54471
12.99940             1.49598
12.44083             2.14551
12.44083             2.14551
12.44083             2.14551
11.82929             3.04174
13.50509             3.04174
13.50509             3.07599
13.50509             3.07599
13.50509             3.07599
13.50509             3.07599
12.50831             3.07599
10.43395             3.07599
10.32004             3.07599
10.32004             3.07599
10.32004             3.07599
10.50726             3.07599
9.97489             3.07599
7.28217             3.07599
5.68616             3.07599
6.76892             6.03951
6.76892             7.75515
6.83348             7.75515
6.83348             7.75515
5.59178             7.75515
6.44626             7.75515
6.44626             6.44644
6.44626             3.43385
5.71656             3.46098
5.58250             3.26934
5.58250             2.78665
5.58250             2.78665
3.86027             3.61891
3.80748             3.61891
5.10025             3.12699
2.66672             2.83482
2.66672             2.83482
4.59610             3.20549
2.61568             3.20549
2.61568             3.88092
0.90791             2.67874
2.55633             2.67874
2.55633             3.20246
2.04488             3.20246
2.04488             3.20246
2.04488             3.20246
2.04488             5.49076
1.33703             5.49076
2.27689             5.51629
2.27689             4.29536
2.27689             4.29536
1.91534             3.32931
1.91534             4.19154
1.91534             4.19154
1.91534             2.50937
1.91534             2.65197
3.90757             3.32380
3.90757             3.76342
2.78521             3.76342
2.78521             3.76342
3.93171             3.76342
3.00436             3.40767
4.82737             2.71455
5.94826             2.71455
4.17373             4.12079
3.82764             5.46179
1.93724             5.46179
3.66189             5.59402
3.66189             5.59402
2.68276             5.19126
2.68276             3.97101
2.68276             3.97101
3.21464             3.97101
5.10054             3.97101
4.21733             1.99012
4.21733             2.41626
4.21733             2.41626
4.83880             2.41626
4.67167             2.41626
4.37753             2.41626
4.51505             2.41626
2.58653             1.18032
5.15204             3.29179
3.07287             3.29179
5.37704             3.29179
5.03179             1.93831
5.03179             3.49233
5.03179             3.49233
5.03179             3.11490
5.03179             4.68052
4.72842             6.77208
3.77081             7.66404
1.92506             7.66404
1.92506             7.44181
1.92506             4.53862
1.92506             4.98008
1.92506             5.21000
3.60983             4.50252
3.60983             3.25742
3.60983             3.25742
3.60983             3.25742
3.60983             3.25742
3.60983             3.25742
3.60983             3.25742
3.60983             3.25742
3.31559             3.25742
3.31559             3.17575
3.31559             3.17575
3.31559             3.17575
2.00648             3.17575
2.00648             3.17575
2.00648             3.17575
2.58405             4.03070
2.58405             4.03070
2.58405             4.03070
2.58405             4.03070
2.58405             4.03070
3.64282             4.82081
3.01732             3.33580
3.01732             3.33580
3.01732             3.33580
3.01732             3.33580
3.01732             3.33580
4.75035             3.33580
3.13302             3.33580
3.13302             3.34332
3.66734             2.44542
2.79848             2.44542
2.79848             2.65243
2.66244             2.29393
2.39062             2.00822
2.39062             2.00822
3.64092             2.00822
3.64092             4.22498
4.18832             4.22498
3.07471             3.32699
2.95832             4.19789
2.95832             4.19789
2.24475             5.67399
2.24475             2.89514
2.24475             4.16210
5.24876             4.16210
3.01395             4.16210
3.84256             6.17322
1.85876             6.17322
2.57101             6.17322
2.29283             6.47700
2.29283             6.95471
4.25703             6.95471
3.15114             5.87758
3.15114             5.87758
3.34756             5.87758
3.34756             5.87758
3.34756             5.10530
3.34756             4.24204
3.34756             7.33477
4.43095             7.02949
2.85970             7.02949
5.00240             6.99851
5.00240             8.19912
5.00240             7.30619
4.79221             4.41995
6.65054             4.41995
5.40903             4.41995
5.40903             4.41995
5.06730             4.41995
5.38342             4.65666
6.18758             1.89982
6.77974             1.25347
6.77974             1.25347
4.46929             4.77505
4.46929             5.55945
5.02580             5.94737
5.02580             5.94737
4.05847             5.94737
4.05847             5.94737
4.53252             4.18046
3.31170             2.86854
3.31170             2.86854
3.31170             2.86854
1.20127             4.31714
1.20127             4.97857
2.73366             4.39244
1.43097             6.14231
2.57242             6.47240
2.64886             6.47240
2.64886             6.38299
2.23446             6.55345
2.97480             6.53451
3.09279             6.06834
3.09279             6.06834
2.36718             4.41186
2.36718             4.41186
2.36718             4.22789
1.99060             4.45172
1.99060             3.30404
2.67098             3.30404
3.16618             3.30404
4.87762             4.12061
6.37799             4.61533
4.26826             3.34033
3.94901             3.34033
3.94901             2.37493
3.44541             4.48818
3.44541             4.48818
3.44541             4.48818
1.70788             3.57220
1.70788             4.42988
1.70788             4.57203
1.90039             4.57203
1.28958             4.57203
1.61378             4.57203
1.61378             4.57203
1.61378             4.57203
1.61378             5.78771
1.61378             4.83464
4.27908             8.48926
4.84944             7.41853
5.20937             7.41853
4.24170             7.41853
6.01716             7.92564
6.01716             9.16278
5.43119             9.47996
6.69014             8.78687
6.69014             6.90697
6.69014             6.90697
6.69014             5.02165
7.65470             4.86349
6.03647             4.44993
5.95300             4.44993
5.54937             7.12921
5.23166             7.03645
5.23166             6.77195
5.08734             6.87710
3.88417             6.87710
4.45848             6.87710
3.75192             6.87710
4.43508             6.87710
4.76896             9.01600
4.76896             8.01533
4.09352             8.01533
3.35006             8.01533
3.35006             7.87957
3.35006             6.18123
2.95870             5.87845
2.95870             5.87845
4.15096             5.87845
4.15096             4.39389
4.50656             5.91137
4.50656             5.91137
4.50656             6.19123
1.71590             6.39973
1.71590             5.21004
3.27285             6.29987
3.27285             6.12061
4.81634             5.74660
4.81634             5.02120
4.81634             5.02120
3.54206             4.05992
3.54206             4.17048
3.54206             3.30220
4.94597             6.36670
4.78121             2.98929
4.78121             4.02701
4.78450             4.02701
4.78450             4.91800
2.42542             5.19248
2.42542             6.79104
2.42542             6.79104
2.15378             6.79104
4.66625             6.79104
4.66625             6.79104
7.57768             6.57183
7.57768             6.57183
6.44962             6.57183
6.44962             5.49697
