4.78758                   0
4.80301           0.0154351
4.89304           0.0904689
4.92916           0.0734638
4.92141           0.0574307
4.96992            0.067474
4.97412           0.0571805
4.97624           0.0495648
4.97847           0.0437692
4.97837           0.0391485
4.9865           0.0363328
4.99764           0.0349854
4.99419           0.0323664
4.9935           0.0299734
5.01353           0.0343508
5.00335           0.0337075
5.00633           0.0318026
5.00695           0.0299904
5.00835           0.0284026
5.01213           0.0272088
5.00986           0.0259805
4.99453           0.0291291
4.98674           0.0289044
4.98598           0.0276843
4.994           0.0277379
4.98507           0.0281059
4.97819           0.0279056
4.98074           0.0270118
4.97729           0.0262923
4.96779           0.0271183
4.96016            0.027316
4.96513           0.0269117
4.9681           0.0262525
4.96587           0.0255664
4.9673           0.0248663
4.97031           0.0243528
4.96896           0.0237242
4.96448           0.0235208
4.96491           0.0229138
4.96552           0.0223417
4.96679           0.0218272
4.96687           0.0213013
4.96637           0.0208061
4.96976           0.0206087
4.97512            0.020845
4.97334           0.0204636
4.97446           0.0200546
4.97319           0.0196734
4.97499           0.0193518
4.97276           0.0190916
4.97567           0.0189376
4.97708           0.0186232
4.9772           0.0182689
4.9719           0.0186943
4.97049           0.0184057
4.97115           0.0180863
4.97487           0.0181498
4.97497           0.0178344
4.97394           0.0175601
4.97698            0.017531
4.98272           0.0181733
4.98358           0.0178981
4.98106           0.0177905
4.98344           0.0176704
4.98603           0.0175886
4.98421            0.017415
4.98567           0.0172147
4.98536           0.0169624
4.9813           0.0172023
4.98253           0.0169997
4.98352           0.0167873
4.98418           0.0165657
4.98263           0.0164102
4.98534           0.0164125
4.98402           0.0162464
4.9815           0.0162268
4.98232           0.0160356
4.98311           0.0158481
4.98449           0.0157073
4.98475           0.0155119
4.98086           0.0158064
4.98145           0.0156236
4.98406           0.0156533
4.98179           0.0156312
4.98107            0.015463
4.98255           0.0153543
4.98205            0.015185
4.98252           0.0150186
4.981           0.0149264
4.98143            0.014766
4.98496           0.0150223
4.98298           0.0149894
4.9786           0.0154605
4.97913           0.0153044
4.98185           0.0153846
4.98274           0.0152493
4.9827           0.0150914
4.98318           0.0149446
4.98391           0.0148108
4.9832           0.0146795
4.97996           0.0148897
4.98138           0.0148109
4.98417           0.0149306
4.98478           0.0147989
4.98721           0.0148575
4.98516            0.014859
4.98701           0.0148349
4.98642           0.0147085
4.98568           0.0145918
4.98311           0.0146848
4.98351           0.0145572
4.98261           0.0144543
4.98234           0.0143284
4.98112            0.014255
4.98084           0.0141332
4.97901             0.01413
4.97884           0.0140098
4.97796           0.0139186
4.97947           0.0138841
4.97865           0.0137922
4.97982           0.0137275
4.98058           0.0136357
4.98345           0.0138249
4.98389           0.0137202
4.98315           0.0136304
4.98213           0.0135603
4.98085           0.0135136
4.98079           0.0134078
4.98132           0.0133139
4.98097           0.0132156
4.98192           0.0131488
4.98203           0.0130492
4.98137           0.0129674
4.98191           0.0128815
4.98011           0.0129129
4.98111           0.0128565
4.98172            0.012777
4.98254           0.0127108
4.98256           0.0126191
4.98146           0.0125766
4.98245           0.0125262
4.98278            0.012442
4.98125           0.0124493
4.98183           0.0123761
4.9838           0.0124473
4.98568            0.012504
4.98748            0.012549
4.98516           0.0126779
4.98633           0.0126463
4.98629           0.0125617
4.98747           0.0125343
4.98821           0.0124734
4.98858           0.0123971
4.98698           0.0124198
4.98692           0.0123396
4.98747           0.0122724
4.98675            0.012215
4.98658           0.0121387
4.9857           0.0120944
4.98487           0.0120469
4.98394           0.0120082
4.98457           0.0119505
4.98427           0.0118806
4.98345           0.0118367
4.98303           0.0117722
4.98433            0.011773
4.9849           0.0117161
4.98734           0.0118987
4.98813           0.0118546
4.98824           0.0117852
4.98844           0.0117179
4.98714            0.011722
4.98751           0.0116599
4.98738           0.0115935
4.98697           0.0115343
4.98797           0.0115123
4.98722           0.0114718
4.98717           0.0114072
4.98716           0.0113433
4.985           0.0114852
4.98372           0.0114922
4.98451           0.0114562
4.98532           0.0114216
4.98488           0.0113679
4.98516           0.0113097
4.9853           0.0112497
4.98419           0.0112442
4.984           0.0111858
4.98302           0.0111704
4.98406           0.0111606
4.9851           0.0111507
4.98531           0.0110945
4.98597           0.0110564
4.98519           0.0110271
4.98454           0.0109891
4.9846           0.0109331
4.98547           0.0109117
4.98547           0.0108564
4.98471           0.0108288
4.98459           0.0107751
