1.55232                   0
1.51365           0.0386737
1.51319            0.022333
1.51391           0.0158085
1.5081           0.0135553
1.53271           0.0269797
1.53638           0.0230968
1.53766           0.0200431
1.53325           0.0182177
1.53034           0.0165523
1.52597           0.0155982
1.51952           0.0156326
1.51882           0.0143968
1.51313           0.0144934
1.52156           0.0159105
1.52156           0.0148829
1.5176           0.0145291
1.51439           0.0140707
1.5159           0.0133956
1.52017           0.0134046
1.5196           0.0127628
1.51561           0.0128063
1.51099           0.0130822
1.51125           0.0125281
1.50904           0.0122177
1.50803           0.0117819
1.50841           0.0113434
1.50528             0.01137
1.50582           0.0109843
1.50895           0.0110648
1.5094           0.0107114
1.51038           0.0104168
1.51094            0.010112
1.51067          0.00981381
1.50972          0.00957701
1.50685          0.00973879
1.50517          0.00962044
1.50736          0.00961689
1.50724          0.00936775
1.50527          0.00934172
1.50354          0.00927351
1.50602          0.00938293
1.50722          0.00924114
1.50535          0.00921994
1.5049          0.00902441
1.50479          0.00882673
1.50418          0.00865828
1.50231          0.00867819
1.50183          0.00851321
1.50314          0.00844429
1.50254          0.00829882
1.50244          0.00813831
1.50181          0.00800822
1.50145          0.00786676
1.50034          0.00780117
1.5006          0.00766478
1.49928          0.00764314
1.49905          0.00751385
1.49936          0.00739204
1.49799          0.00739598
1.49822          0.00727735
1.49873          0.00717751
1.49886          0.00706378
1.49821          0.00698262
1.49758          0.00690329
1.4965           0.0068836
1.49691          0.00679268
1.49594          0.00676147
1.49582          0.00666383
1.49538          0.00658309
1.49547          0.00649041
1.49611          0.00643095
1.49605          0.00634249
1.49448          0.00644985
1.49324          0.00648304
1.49286          0.00640883
1.49421          0.00646814
1.49331          0.00644689
1.49395          0.00639634
1.49562          0.00653411
1.49513          0.00647211
1.49599          0.00645051
1.49699          0.00645128
1.49687          0.00637532
1.49551          0.00644333
1.4958          0.00637448
1.4964          0.00632963
1.4961           0.0062645
1.49658          0.00621232
1.49735          0.00618986
1.49651          0.00617813
1.49652          0.00611062
1.49721          0.00608312
1.49704          0.00602035
1.49658          0.00597427
1.4969          0.00592026
1.49644          0.00587736
1.49627          0.00581943
1.49556          0.00580423
1.49554          0.00574593
1.49599          0.00570686
1.49613          0.00565225
1.49625          0.00559845
1.4959          0.00555513
1.49694          0.00559933
1.49651          0.00556295
1.49629          0.00551536
1.49623          0.00546431
1.49639          0.00541607
1.49694          0.00539491
1.49701          0.00534653
1.49708          0.00529908
1.49701           0.0052524
1.49724          0.00521126
1.49692          0.00517572
1.49692          0.00513091
1.49755          0.00512655
1.49704          0.00510863
1.49725           0.0050697
1.49716          0.00502796
1.49651           0.0050284
1.49704           0.0050145
1.49708          0.00497375
1.49703          0.00493375
1.49639          0.00493617
1.49638          0.00489685
1.49665          0.00486593
1.49682          0.00483065
1.49675           0.0047935
1.4966          0.00475887
1.49628          0.00473344
1.49607          0.00470196
1.49623          0.00466916
1.49662          0.00465002
1.49673            0.004617
1.49607          0.00463057
1.49633          0.00460408
1.49683          0.00459707
1.49599          0.00464046
1.49597          0.00460722
1.49678          0.00464586
1.49689          0.00461425
1.49739          0.00460857
1.4979           0.0046058
1.49842          0.00460254
1.49889          0.00459561
1.49862          0.00457215
1.49846          0.00454412
1.49861          0.00451604
1.4987          0.00448669
1.49848          0.00446216
1.49822          0.00444018
1.49803          0.00441527
1.49783          0.00439127
1.4977          0.00436461
1.49751          0.00434096
1.49777          0.00432103
1.49839          0.00433887
1.49808          0.00432303
1.49831          0.00430226
1.49851          0.00428035
1.49869          0.00425756
1.49872          0.00423145
1.49859          0.00420742
1.49855          0.00418209
1.49857          0.00415686
1.49869          0.00413383
1.49886          0.00411254
1.49952          0.00414127
1.49984          0.00412909
1.49978          0.00410526
1.49989          0.00408281
1.50005          0.00406216
1.50041          0.00405441
1.50025           0.0040343
1.50027          0.00401141
1.50047          0.00399371
1.5004          0.00397191
1.50044          0.00394984
1.50007          0.00394504
1.50008          0.00392319
1.50049          0.00392326
1.50074          0.00391021
1.5013          0.00392844
1.50158          0.00391745
1.50118          0.00391741
1.50117           0.0038964
1.50117          0.00387562
1.50141          0.00386239
1.50159          0.00384627
1.50114          0.00385214
1.50084          0.00384411
1.50043          0.00384562
1.50038          0.00382612
1.50078          0.00382747
1.50124          0.00383526
1.50069          0.00385505
1.50063          0.00383591
1.50086          0.00382308
1.50085          0.00380392
