4.00059             3.53553
3.13333             3.53553
3.07288             3.71158
2.18556             3.71158
1.96327             3.90193
0.67217             4.08948
1.12281             3.87968
1.12281             4.00651
1.12281             3.39566
1.12281             3.39566
1.12281             3.39566
1.86489             3.39566
1.86489             3.39566
1.54340             3.39566
1.54340             2.35766
1.54340             2.10118
1.33549             2.10118
0.81769             1.78126
0.23053             2.51826
0.23053             3.82988
1.03515             3.58784
1.03515             3.14986
0.63778             3.71547
0.97366             2.94742
0.97366             2.60932
0.34671             2.78194
0.34671             2.14214
0.34671             2.14214
0.34671             1.90161
0.34671             1.76236
0.34671             2.39031
0.34671             2.39031
0.34671             2.39031
0.34671             1.66001
0.34671             2.32850
0.34671             2.26051
0.34671             2.26051
1.13939             2.03918
1.13939             2.03918
0.84202             2.03918
0.84202             2.59874
0.84202             1.72013
1.16012             1.23236
1.16012             1.23236
0.74255             1.73753
0.87353             1.98929
1.11093             1.98929
1.11093             1.98929
1.58883             2.03412
1.58883             2.03412
1.58883             1.01762
1.36892             1.01762
1.36892             1.01762
1.31574             1.14335
1.31574             1.26611
2.12014             1.26611
2.12014             1.31288
2.12014             1.31288
2.12014             1.31288
2.25387             1.31288
2.25387             2.28022
2.25387             2.58240
2.15164             2.63677
1.47984             3.19408
1.47984             3.19408
2.74245             2.78749
2.74245             2.50704
2.74245             2.50704
2.74245             1.68551
2.21673             0.81521
2.21673             0.81521
2.45311             0.36758
1.53198             0.36758
1.82114             0.36758
1.82114             0.36758
1.82114             0.36758
1.82114             0.36758
1.82114             0.36758
1.79171             0.36758
1.79171             0.36758
1.79171             1.08362
2.95726             1.08362
2.57988             1.30157
2.57988             1.30157
2.57988             1.30157
2.57988             1.30157
2.57988             1.30157
2.57988             1.30157
1.77974             1.30157
1.77974             1.30157
1.92993             0.94408
1.92993             1.43408
1.92993             1.65202
1.79169             1.45313
1.00988             1.04046
1.08852             1.04046
1.22498             1.41151
1.89611             1.32378
1.89611             1.32378
2.72797             1.32378
2.72797             0.87462
3.10458             0.87462
2.94808             0.87462
2.94808             1.04826
2.94808             1.04826
3.99411             1.26778
3.95210             1.26778
3.01090             1.85331
2.22306             1.80696
2.22306             1.80696
3.26095             1.68803
3.37491             1.68803
5.05306             1.68803
5.05306             1.68803
5.05306             1.68803
5.54457             1.49034
5.09892             1.49034
5.98483             1.49034
5.36264             1.26432
5.15925             1.26432
4.26451             1.26432
4.36158             0.86990
4.14685             1.07066
4.06755             1.96430
4.06755             1.96430
4.61362             1.96430
4.25251             1.67612
4.25251             1.67612
4.25251             2.42079
4.20101             1.98269
4.60089             1.98269
4.60089             2.18547
4.60089             2.18547
4.60089             2.18547
4.60089             2.18547
4.50301             2.18547
3.54248             2.11541
2.86187             2.12635
2.86187             2.43531
2.86187             2.76230
2.38634             2.26175
2.46194             2.10273
1.77257             2.10273
1.77257             2.10273
1.77257             0.67229
1.77257             0.56081
1.76270             0.56081
1.76270             0.56081
1.93781             0.56081
1.42601             0.56081
1.42601             0.65315
1.42601             0.65315
1.09633             1.70212
1.29374             1.34150
1.29374             1.34150
1.29374             1.34150
0.89899             1.09404
0.98980             1.09404
1.03275             1.66093
1.03275             2.51483
1.03275             3.27624
1.47212             3.04228
0.58673             3.04228
0.58673             2.69915
1.08284             1.86045
1.01844             1.86045
1.17456             2.04106
1.17456             2.04106
1.17456             2.22456
1.17456             2.22456
1.17456             1.01387
1.58520             1.01387
1.10991             1.17924
1.10991             1.15655
0.98484             1.05153
1.13008             1.31215
1.13008             0.79817
1.04454             0.79817
1.04454             2.18631
1.04454             1.65665
1.13197             1.20460
1.13197             1.03042
0.95514             1.02774
0.95514             1.02774
0.76137             1.02774
0.76137             1.20123
0.76137             1.20123
1.68969             1.20123
1.21910             1.14296
2.35273             1.48498
2.20692             1.04454
1.87647             0.73719
1.87647             0.73719
1.82348             0.73719
1.82348             0.75728
1.86336             1.76283
1.29168             1.76283
1.26835             1.76283
1.37581             1.10569
1.37581             0.64551
1.37581             0.64551
1.05681             0.64551
0.67173             0.64551
0.67173             0.64551
1.22472             0.64551
1.22472             0.84338
1.22472             0.84338
0.80600             0.84338
0.80600             0.84338
0.84444             0.84338
0.84444             0.80335
0.84444             0.80335
0.85224             0.72773
0.87465             1.19520
1.69555             2.18601
1.79197             2.18601
1.79197             2.18601
1.22180             2.23769
0.91765             1.61596
0.91765             2.17739
0.91765             1.97243
0.91765             1.58684
0.91765             0.52343
0.46060             0.52343
0.46060             0.52343
0.46060             0.79926
0.46060             1.12914
0.46060             1.33778
0.46060             1.33778
0.92918             1.33778
0.92918             1.33778
0.92918             1.33778
0.92918             1.33778
0.62227             1.33778
0.62227             1.33778
0.62227             1.33778
1.49192             1.46382
1.70097             1.46382
1.70097             1.46382
1.70097             1.46382
1.70097             1.46382
1.18979             1.94238
1.17927             1.42100
1.17927             1.42100
1.17927             1.57864
1.17927             1.57864
1.17927             1.57864
1.10033             1.21207
1.10033             0.56124
1.10033             0.59249
0.64882             0.37350
0.64882             0.37350
0.64882             1.64336
0.64882             1.64050
0.64882             0.58078
0.64882             0.58078
1.31007             0.58078
1.31007             0.58078
1.31007             0.58078
0.70866             0.58078
0.74489             0.75381
0.74489             0.75381
0.74489             1.30268
0.67626             0.54713
0.67626             0.86416
2.24773             0.86416
0.69468             0.86416
1.83052             1.49480
1.61880             1.49480
1.61880             1.49480
1.50229             1.54261
0.54238             1.54261
1.97843             1.54261
1.63792             1.18244
1.63792             1.18244
1.38104             1.18244
0.89447             1.18244
0.89447             1.24796
0.89447             1.24796
0.89447             1.24796
1.09136             1.97068
1.24114             1.97068
1.24114             1.12143
1.24114             1.12143
1.24114             0.85702
1.41714             0.85702
2.58662             0.85702
2.40556             0.85702
2.40556             0.85702
0.76405             0.85702
0.76405             1.08087
1.33245             0.90998
1.33245             2.15090
1.33245             2.15090
1.01511             2.15090
1.01511             2.15090
1.01511             2.22560
0.55684             2.22560
0.73290             2.22560
0.73290             2.22560
1.22026             1.87039
1.22026             1.87139
1.22026             1.87139
1.22026             0.89035
1.90013             1.36441
1.90013             1.77669
1.38083             2.08766
2.31073             2.71577
3.09527             2.71577
2.28503             2.71577
2.28503             2.50103
2.28503             2.50103
2.35938             1.99664
2.79111             1.67949
1.98250             1.67949
1.95009             1.67203
2.52258             1.67203
2.53712             1.67203
2.33442             2.37025
2.33442             1.67861
2.33442             1.67861
1.68907             1.67861
1.66200             1.37666
1.66200             1.12901
1.49338             1.31713
1.75322             1.58590
1.75322             1.58590
1.45377             2.17155
1.45377             2.17155
1.45377             2.17155
1.45377             1.96742
1.81309             1.96742
2.77686             0.64303
2.69934             0.64303
1.99813             0.64303
1.87527             0.60889
1.87527             0.70266
1.87527             0.70266
1.87527             0.70266
1.87527             0.70266
2.03003             2.58257
1.34233             2.15313
1.34233             2.15313
1.21111             1.98348
2.40442             2.22485
2.40442             2.80024
2.03900             2.89950
3.37053             2.70371
3.37053             1.82391
3.37053             1.82391
3.37053             0.99106
2.99517             0.97042
2.94289             0.92515
2.94289             0.92515
2.94289             0.92515
2.38182             1.46999
2.38182             1.38539
2.21267             0.67145
2.48810             0.67145
2.44690             0.67145
2.44690             0.67145
2.44690             0.67145
2.41495             1.55247
2.41495             1.05830
2.01091             1.05830
1.48924             1.05830
1.48924             1.20829
1.48924             1.48993
1.50654             2.12087
1.50654             2.12087
2.06802             2.12087
2.06802             1.83665
2.36668             0.28899
2.36668             0.28899
2.36668             0.28899
1.05835             0.32079
1.05835             0.32079
1.68806             1.49045
1.58557             1.49513
1.82673             1.63784
1.96316             0.48519
1.96316             0.48519
1.05022             0.48519
1.05022             0.63881
1.05022             0.63881
1.05022             1.86796
1.34367             0.20742
1.34367             0.20742
1.33964             0.20742
1.33964             0.20742
1.01238             0.24466
1.01238             0.24466
1.01238             0.24466
2.36020             0.24466
2.58756             0.24466
2.58756             0.24466
2.58756             0.99351
2.58756             1.05992
2.58756             1.05992
2.58756             0.75313
